   8.03161820E-05  -1.86649847    
   1.70614924E-02  -2.68011761    
   5.13243750E-02  -2.49944162    
  0.102591038      -1.98353302    
  0.169902727      -1.60479236    
  0.250158966      -1.35870457    
  0.339922190      -1.17637646    
  0.435482204      -1.02903438    
  0.532867789     -0.893351555    
  0.627896070     -0.691293180    
  0.716584384     -0.439256251    
  0.795710921     -0.208683372    
  0.862659335      -4.97984793E-03
  0.915360212      0.174819469    
  0.954862893      0.357722759    
  0.984508336      0.353355348    
  0.984557629      0.128871962    
  0.954805732      0.361096382    
  0.915002704      0.337391824    
  0.862146437      0.291472197    
  0.795621455      0.224749207    
  0.717805326      0.146845877    
  0.631298661       6.96706772E-02
  0.538871169       3.97960916E-02
  0.443992525       7.39343613E-02
  0.350662887      0.134366617    
  0.262707889      0.213763982    
  0.183655471      0.316979825    
  0.116717815      0.451966465    
   6.44537359E-02  0.600996733    
   2.63763946E-02  0.687983632    
   3.29277688E-03   8.27108100E-02
   8.03161820E-05  -1.86649847    
