   7.82592513E-04  -1.23905826    
   1.79545060E-02  -2.05371594    
   5.23789935E-02  -2.01189852    
  0.103773087      -1.64138758    
  0.171183258      -1.36267483    
  0.251506388      -1.18401289    
  0.341300994      -1.05175829    
  0.436851203     -0.944685876    
  0.534182429     -0.841690779    
  0.629104614     -0.667055726    
  0.717643082     -0.434636116    
  0.796605527     -0.214110777    
  0.863402665      -1.42086409E-02
  0.915980697      0.164484382    
  0.955389977      0.346960872    
  0.984965324      0.344651282    
  0.984974444      0.111830026    
  0.955220103      0.350312293    
  0.915423572      0.325385928    
  0.862543762      0.276222050    
  0.795955181      0.204250723    
  0.718042731      0.119473517    
  0.631430864       3.45876813E-02
  0.538923562      -1.44089293E-03
  0.444008857       2.83998325E-02
  0.350680768       8.38114917E-02
  0.262756467      0.156379908    
  0.183759600      0.252156198    
  0.116896823      0.382091880    
   6.47206903E-02  0.535843968    
   2.67462730E-02  0.670549512    
   3.80563876E-03  0.347482443    
   7.82592513E-04  -1.23905826    
