   1.96105847E-03  -2.06318879    
   1.86766293E-02  -2.84611607    
   5.27118891E-02  -2.61306429    
  0.103778668      -2.05070210    
  0.170915499      -1.63582969    
  0.251023382      -1.36081409    
  0.340676427      -1.15992224    
  0.436173975      -1.00302923    
  0.533550322     -0.863457918    
  0.628637731     -0.660692871    
  0.717444777     -0.408883780    
  0.796715140     -0.178841397    
  0.863801301       2.48308443E-02
  0.916615307      0.204738349    
  0.956207454      0.387255102    
  0.985915303      0.370609641    
  0.986010075      0.144107640    
  0.956294060      0.357245237    
  0.916502297      0.323437124    
  0.863722861      0.266933799    
  0.797330916      0.191094652    
  0.719695628      0.110490575    
  0.633392155       3.67355905E-02
  0.541145086       1.09602269E-02
  0.446385384       4.79415469E-02
  0.353132963      0.111303590    
  0.265211076      0.192590624    
  0.186154291      0.297785789    
  0.119178422      0.437192917    
   6.68478534E-02  0.588105857    
   2.86755767E-02  0.659379482    
   5.43267652E-03  -3.10605876E-02
   1.96105847E-03  -2.06318879    
