 -0.979526103      0.791120291    
 -0.932059646       1.05300379    
 -0.868737519       1.17081153    
 -0.784259677       1.21318960    
 -0.676577091       1.21121359    
 -0.548382640       1.18172407    
 -0.403584063       1.13107550    
 -0.246576652       1.05908716    
  -8.21177140E-02  0.962093592    
   8.21211711E-02  0.961579144    
  0.246579736       1.05838084    
  0.403586626       1.13032866    
  0.548384726       1.18089843    
  0.676578701       1.21035588    
  0.784260929       1.21222341    
  0.868738413       1.16968679    
  0.932060778       1.05174434    
  0.979526818      0.790013075    
