  -1.27373467E-04  0.671464026    
   8.79406277E-03  0.365559489    
   2.87790615E-02  -7.40743950E-02
   6.09582514E-02 -0.356543571    
  0.105238445     -0.454375148    
  0.159933373     -0.504153907    
  0.223302841     -0.527825415    
  0.293551505     -0.537651479    
  0.368777215     -0.546992362    
  0.446989745     -0.554429054    
  0.526105940     -0.554507911    
  0.603925586     -0.510988474    
  0.678283036     -0.405538976    
  0.747353852     -0.276089609    
  0.809666634     -0.151005074    
  0.863923788      -3.24127935E-02
  0.908953667       8.21386203E-02
  0.944069088      0.189084977    
  0.970396519      0.345909953    
  0.990155578      0.261077762    
  0.990158379      0.216851950    
  0.970270216      0.292501926    
  0.943654895      0.253745049    
  0.908197105      0.249186501    
  0.862909734      0.199949235    
  0.808751822      0.125006065    
  0.747093737       2.51104347E-02
  0.679280341      -9.12548602E-02
  0.606699705     -0.214848205    
  0.530868053     -0.302917957    
  0.453687489     -0.328900486    
  0.377295852     -0.341038734    
  0.303703129     -0.358144015    
  0.234799713     -0.375099093    
  0.172369823     -0.383745939    
  0.118043974     -0.382641435    
   7.32920840E-02 -0.363157749    
   3.90204191E-02 -0.340421379    
   1.47041995E-02 -0.252606243    
   1.46306155E-03  0.423156261    
  -1.27373467E-04  0.671464026    
