  -5.69048687E-04  0.664773226    
   8.21041316E-03  0.356857836    
   2.80540250E-02  -8.47770348E-02
   6.01068884E-02 -0.367073894    
  0.104280502     -0.462212950    
  0.158888549     -0.509406388    
  0.222192600     -0.531396866    
  0.292398989     -0.539128184    
  0.367606759     -0.545214534    
  0.445827812     -0.548789859    
  0.524981976     -0.545162141    
  0.602874041     -0.498716563    
  0.677337468     -0.391241252    
  0.746534348     -0.261258036    
  0.808976471     -0.137324914    
  0.863353074      -2.11678669E-02
  0.908484340       9.05140638E-02
  0.943679869      0.194823980    
  0.970067263      0.347625405    
  0.989871562      0.265663087    
  0.989901423      0.230744720    
  0.970021129      0.300768018    
  0.943401515      0.262345523    
  0.907944977      0.258330762    
  0.862682462      0.211154088    
  0.808578610      0.138812140    
  0.746998310       4.14044112E-02
  0.679274976      -7.31053054E-02
  0.606781363     -0.195894286    
  0.531013548     -0.284984916    
  0.453865051     -0.313401818    
  0.377480894     -0.328558296    
  0.303876847     -0.348588884    
  0.234944105     -0.367643148    
  0.172468618     -0.378275871    
  0.118083201     -0.380695522    
   7.32604414E-02 -0.366111487    
   3.89111303E-02 -0.348204464    
   1.45074744E-02 -0.263715327    
   1.15443324E-03  0.414074212    
  -5.69048687E-04  0.664773226    
