   4.69196151E-04  0.656587780    
   9.05932486E-03  0.376955152    
   2.87132785E-02  -5.26556894E-02
   6.05930202E-02 -0.335646927    
  0.104613312     -0.434249878    
  0.159086898     -0.480883867    
  0.222279966     -0.501115501    
  0.292400956     -0.509111464    
  0.367551029     -0.516392112    
  0.445747226     -0.520600915    
  0.524913371     -0.517097533    
  0.602861464     -0.471984863    
  0.677425802     -0.367543757    
  0.746750295     -0.241247505    
  0.809327126     -0.120139480    
  0.863830686      -5.23661589E-03
  0.909069538      0.106476143    
  0.944349647      0.211136267    
  0.970801651      0.363517523    
  0.990653872      0.280352920    
  0.990715384      0.256079882    
  0.970855057      0.321509331    
  0.944242358      0.278468013    
  0.908803225      0.270436436    
  0.863593221      0.220065445    
  0.809581161      0.146149635    
  0.748127639       4.90194447E-02
  0.680549800      -6.45978004E-02
  0.608200490     -0.187523603    
  0.532550156     -0.278915644    
  0.455479175     -0.310462594    
  0.379140705     -0.328274548    
  0.305556715     -0.350986302    
  0.236619726     -0.374734461    
  0.174115881     -0.394480169    
  0.119681232     -0.408270925    
   7.47917145E-02 -0.404303312    
   4.03617620E-02 -0.398985803    
   1.58608984E-02 -0.332523465    
   2.36967206E-03  0.363819450    
   4.69196151E-04  0.656587780    
