 -0.988020658       9.60759297E-02
 -0.960173190      0.127597690    
 -0.923027754      0.144099757    
 -0.873476744      0.154852733    
 -0.809610784      0.162896171    
 -0.731893897      0.169163525    
 -0.641666353      0.174230576    
 -0.540477812      0.177840278    
 -0.430061162      0.179665565    
 -0.312304109      0.178806439    
 -0.189218536      0.174072534    
  -6.29064515E-02  0.163880140    
   6.29080534E-02  0.163732275    
  0.189219981      0.173967063    
  0.312305391      0.178826317    
  0.430062234      0.179868087    
  0.540478766      0.178172529    
  0.641667187      0.174499705    
  0.731894493      0.169371933    
  0.809611320      0.162819281    
  0.873477042      0.154658630    
  0.923027933      0.143799052    
  0.960173368      0.127277046    
  0.988020778       9.58513841E-02
