   3.60763213E-03 -0.362942785    
   5.78196235E-02  -1.12107062    
  0.146590173     -0.955232263    
  0.264528155     -0.850323260    
  0.404232383     -0.782233179    
  0.551039517     -0.663716197    
  0.689327955     -0.405161470    
  0.805452824      -8.94071385E-02
  0.894717932      0.269169301    
  0.961581230      0.299250454    
  0.961372972      0.252355367    
  0.893981814      0.380012751    
  0.804718256      0.179728255    
  0.690211713       5.20160072E-04
  0.555174112     -0.146508157    
  0.412072420     -0.173011974    
  0.275513291     -0.116695866    
  0.159559116      -2.46610194E-02
   7.05768317E-02   8.87533203E-02
   9.44311358E-03  0.528080523    
   3.60763213E-03 -0.362942785    
