   1.98458740E-03 -0.503037989    
   5.59132360E-02  -1.32052767    
  0.144537210      -1.09977198    
  0.262407780     -0.953550696    
  0.402130157     -0.854128242    
  0.549060285     -0.709625721    
  0.687575161     -0.427865714    
  0.803964794      -9.46554393E-02
  0.893457651      0.279123485    
  0.960496485      0.308819950    
  0.960357606      0.265015095    
  0.892963171      0.396989465    
  0.803740680      0.193936750    
  0.689341605       1.39034400E-02
  0.554410815     -0.133999914    
  0.411337852     -0.159600511    
  0.274724364      -9.90456045E-02
  0.158665240       3.23503884E-03
   6.95426315E-02  0.139790028    
   8.18560366E-03  0.608330965    
   1.98458740E-03 -0.503037989    
