   4.89577744E-03 -0.525242329    
   5.83901294E-02  -1.29029608    
  0.146712169      -1.06705105    
  0.264333755     -0.919332922    
  0.403881580     -0.817134500    
  0.550757647     -0.672868967    
  0.689360082     -0.396967888    
  0.805915236      -7.08550289E-02
  0.895565927      0.298966676    
  0.962727904      0.314054996    
  0.962668359      0.267024189    
  0.895365953      0.393766075    
  0.806319773      0.192112654    
  0.692219198       1.32912835E-02
  0.557618797     -0.133428261    
  0.414793074     -0.159995601    
  0.278312504     -0.100914963    
  0.162293807       2.63931488E-05
   7.31315464E-02  0.134749353    
   1.16012143E-02  0.569327891    
   4.89577744E-03 -0.525242329    
