   8.03161820E-05   3.27226818E-02
   1.70614924E-02 -0.790291905    
   5.13243750E-02  -1.08847404    
  0.102591038      -1.02112770    
  0.169902727     -0.924610615    
  0.250158966     -0.855509639    
  0.339922190     -0.798792124    
  0.435482204     -0.745450675    
  0.532867789     -0.686140776    
  0.627896070     -0.558165073    
  0.716584384     -0.367593110    
  0.795710921     -0.180917576    
  0.862659335      -8.84691346E-03
  0.915360212      0.150493488    
  0.954862893      0.319068938    
  0.984508336      0.271323174    
  0.984557629      0.159229383    
  0.954805732      0.324961275    
  0.915002704      0.293957740    
  0.862146437      0.238111600    
  0.795621455      0.155150682    
  0.717805326       5.08877859E-02
  0.631298661      -6.55859932E-02
  0.538871169     -0.145248726    
  0.443992525     -0.153777927    
  0.350662887     -0.133877441    
  0.262707889     -0.101364896    
  0.183655471      -5.13979271E-02
  0.116717815       3.10560558E-02
   6.44537359E-02  0.152104020    
   2.63763946E-02  0.316730231    
   3.29277688E-03  0.657256126    
   8.03161820E-05   3.27226818E-02
