   1.96105847E-03   2.28113793E-02
   1.86766293E-02 -0.803469300    
   5.27118891E-02  -1.10097551    
  0.103778668      -1.02930033    
  0.170915499     -0.924734712    
  0.251023382     -0.844824433    
  0.340676427     -0.779970884    
  0.436173975     -0.722529054    
  0.533550322     -0.662027240    
  0.628637731     -0.535047293    
  0.717444777     -0.345336437    
  0.796715140     -0.158307254    
  0.863801301       1.50543433E-02
  0.916615307      0.175935134    
  0.956207454      0.346203864    
  0.985915303      0.292447567    
  0.986010075      0.183074206    
  0.956294060      0.337661475    
  0.916502297      0.299077272    
  0.863722861      0.235775322    
  0.797330916      0.146400169    
  0.719695628       3.94295976E-02
  0.633392155      -7.62183294E-02
  0.541145086     -0.155125678    
  0.446385384     -0.164253742    
  0.353132963     -0.145552322    
  0.265211076     -0.115685150    
  0.186154291      -6.85556009E-02
  0.119178422       1.47556113E-02
   6.68478534E-02  0.140032887    
   2.86755767E-02  0.309378684    
   5.43267652E-03  0.654997051    
   1.96105847E-03   2.28113793E-02
