   7.82592513E-04  0.160708636    
   1.79545060E-02 -0.603232265    
   5.23789935E-02 -0.915286660    
  0.103773087     -0.888556242    
  0.171183258     -0.827620208    
  0.251506388     -0.786342144    
  0.341300994     -0.752586603    
  0.436851203     -0.719651699    
  0.534182429     -0.677898467    
  0.629104614     -0.564073503    
  0.717643082     -0.382091194    
  0.796605527     -0.197715521    
  0.863402665      -2.42090747E-02
  0.915980697      0.137454137    
  0.955389977      0.307997465    
  0.984965324      0.260251164    
  0.984974444      0.141159713    
  0.955220103      0.313683122    
  0.915423572      0.281015009    
  0.862543762      0.221756428    
  0.795955181      0.133638620    
  0.718042731       2.34430321E-02
  0.631430864      -9.81370956E-02
  0.538923562     -0.179790065    
  0.444008857     -0.187620670    
  0.350680768     -0.166818202    
  0.262756467     -0.134509444    
  0.183759600      -8.61307979E-02
  0.116896823      -7.73983728E-03
   6.47206903E-02  0.104331635    
   2.67462730E-02  0.252851516    
   3.80563876E-03  0.638183951    
   7.82592513E-04  0.160708636    
