 -0.979526103      0.393237770    
 -0.932059646      0.518388212    
 -0.868737519      0.575371027    
 -0.784259677      0.598399282    
 -0.676577091      0.601781309    
 -0.548382640      0.592598975    
 -0.403584063      0.572942197    
 -0.246576652      0.541692734    
  -8.21177140E-02  0.495748758    
   8.21211711E-02  0.495940596    
  0.246579736      0.542364061    
  0.403586626      0.573987544    
  0.548384726      0.593852520    
  0.676578701      0.602976620    
  0.784260929      0.599308014    
  0.868738413      0.575749993    
  0.932060778      0.518324494    
  0.979526818      0.393034101    
