   8.03161820E-05  -3.50577521    
   1.70614924E-02  -4.04816008    
   5.13243750E-02  -3.42002678    
  0.102591038      -2.56427312    
  0.169902727      -1.98722148    
  0.250158966      -1.62335038    
  0.339922190      -1.36192667    
  0.435482204      -1.15761244    
  0.532867789     -0.976559699    
  0.627896070     -0.733111560    
  0.716584384     -0.450397372    
  0.795710921     -0.201134533    
  0.862659335       1.32682156E-02
  0.915360212      0.197540224    
  0.954862893      0.381280780    
  0.984508336      0.403916925    
  0.984557629      0.122225165    
  0.954805732      0.381273866    
  0.915002704      0.364526719    
  0.862146437      0.327260733    
  0.795621455      0.273083985    
  0.717805326      0.212657958    
  0.631298661      0.158257306    
  0.538871169      0.153634101    
  0.443992525      0.206152931    
  0.350662887      0.281077683    
  0.262707889      0.372773886    
  0.183655471      0.481484354    
  0.116717815      0.602341533    
   6.44537359E-02  0.684478045    
   2.63763946E-02  0.538388371    
   3.29277688E-03 -0.884089112    
   8.03161820E-05  -3.50577521    
