   7.82592513E-04  -2.43652487    
   1.79545060E-02  -3.08175921    
   5.23789935E-02  -2.71039605    
  0.103773087      -2.08425426    
  0.171183258      -1.65553331    
  0.251506388      -1.38749886    
  0.341300994      -1.19468796    
  0.436851203      -1.04338646    
  0.534182429     -0.904201984    
  0.629104614     -0.695733070    
  0.717643082     -0.438472867    
  0.796605527     -0.203168884    
  0.863402665       5.01873717E-03
  0.915980697      0.186833128    
  0.955389977      0.369326591    
  0.984965324      0.393152356    
  0.984974444      0.104134001    
  0.955220103      0.371550381    
  0.915423572      0.353641987    
  0.862543762      0.313102663    
  0.795955181      0.253510952    
  0.718042731      0.185597390    
  0.631430864      0.122072443    
  0.538923562      0.109467655    
  0.444008857      0.156204581    
  0.350680768      0.225253537    
  0.262756467      0.310773700    
  0.183759600      0.415835142    
  0.116896823      0.543059707    
   6.47206903E-02  0.660587728    
   2.67462730E-02  0.651423395    
   3.80563876E-03 -0.281481594    
   7.82592513E-04  -2.43652487    
