   1.96105847E-03  -3.87670398    
   1.86766293E-02  -4.35331249    
   5.27118891E-02  -3.62895989    
  0.103778668      -2.69244409    
  0.170915499      -2.05865717    
  0.251023382      -1.65388656    
  0.340676427      -1.36645544    
  0.436173975      -1.14788282    
  0.533550322     -0.959991217    
  0.628637731     -0.712494910    
  0.717444777     -0.425646126    
  0.796715140     -0.172692612    
  0.863801301       4.52973731E-02
  0.916615307      0.232291132    
  0.956207454      0.417439491    
  0.985915303      0.427038550    
  0.986010075      0.137553573    
  0.956294060      0.372674137    
  0.916502297      0.343307465    
  0.863722861      0.292227626    
  0.797330916      0.225139230    
  0.719695628      0.159226984    
  0.633392155      0.107263342    
  0.541145086      0.107281752    
  0.446385384      0.164152056    
  0.353132963      0.244113475    
  0.265211076      0.340552092    
  0.186154291      0.454327941    
  0.119178422      0.579978466    
   6.68478534E-02  0.656162620    
   2.86755767E-02  0.463329911    
   5.43267652E-03  -1.12267756    
   1.96105847E-03  -3.87670398    
