 -0.979526103       1.01313758    
 -0.932059646       1.35174537    
 -0.868737519       1.50364685    
 -0.784259677       1.55673587    
 -0.676577091       1.55168474    
 -0.548382640       1.51087201    
 -0.403584063       1.44295752    
 -0.246576652       1.34829545    
  -8.21177140E-02   1.22290182    
   8.21211711E-02   1.22236180    
  0.246579736       1.34763098    
  0.403586626       1.44232905    
  0.548384726       1.51017976    
  0.676578701       1.55094862    
  0.784260929       1.55573034    
  0.868738413       1.50233948    
  0.932060778       1.35024667    
  0.979526818       1.01182616    
