   5.83630230E-04  0.118515506    
   1.77180264E-02 -0.674378932    
   5.21106869E-02 -0.985916495    
  0.103479914     -0.943680942    
  0.170871407     -0.866512775    
  0.251182407     -0.811088800    
  0.340972215     -0.764799118    
  0.436525881     -0.720079124    
  0.533869565     -0.667911768    
  0.628814638     -0.546674430    
  0.717384458     -0.362451345    
  0.796380997     -0.180527031    
  0.863209665      -1.15846461E-02
  0.915812969      0.145674586    
  0.955242097      0.312586069    
  0.984831929      0.264879048    
  0.984849453      0.147173017    
  0.955094635      0.316767693    
  0.915296435      0.286194026    
  0.862420142      0.230179325    
  0.795843363      0.146290228    
  0.717948914       4.00701612E-02
  0.631356895      -7.95524195E-02
  0.538863838     -0.162286401    
  0.443954766     -0.173059195    
  0.350624710     -0.155496314    
  0.262692571     -0.126172483    
  0.183683366      -8.05266276E-02
  0.116804391      -3.59391584E-03
   6.46093041E-02  0.109959364    
   2.66135614E-02  0.264466256    
   3.64390877E-03  0.643735111    
   5.83630230E-04  0.118515506    
