         668
  0.452527791     -0.601525664       6.62608421E-04
  0.452863365     -0.601525664      -1.51203596E-03
  0.455979943     -0.602725625       2.05346732E-03
  0.456608504     -0.602725625      -1.81507319E-03
  0.460709482     -0.603697121       3.22008831E-03
  0.461444676     -0.603697121      -2.02097092E-03
  0.466914326     -0.604529738       4.23945440E-03
  0.467669696     -0.604529738      -2.16037082E-03
  0.474308878     -0.605177939       5.11376048E-03
  0.475034922     -0.605177939      -2.16068910E-03
  0.482576340     -0.605616987       5.81434835E-03
  0.483236521     -0.605616987      -2.01996882E-03
  0.491359800     -0.605787218       6.27956726E-03
  0.491924375     -0.605787218      -1.72571710E-03
  0.500297070     -0.605655313       6.48769503E-03
  0.500745296     -0.605655313      -1.26686203E-03
  0.508970261     -0.605124354       6.40305085E-03
  0.509283960     -0.605124354      -5.62108879E-04
  0.516980290     -0.604145229       5.93977608E-03
  0.517153740     -0.604145229       3.52162140E-04
  0.524182260     -0.602989256       5.18727349E-03
  0.524250507     -0.602989256       1.18861743E-03
  0.530472040     -0.601923823       4.34019044E-03
  0.530481577     -0.601923823       1.78406376E-03
  0.535699248     -0.601123154       3.51234432E-03
  0.535694242     -0.601123154       2.02838797E-03
  0.539704680     -0.600641191       2.79982947E-03
  0.539706409     -0.600641191       1.95621513E-03
  0.542759478     -0.600362659       2.20187195E-03
  0.542769730     -0.600362659       1.72631256E-03
  0.450500846     -0.600000024      -6.18430378E-04
  0.451218218     -0.600000024       1.74993055E-03
  0.453642845     -0.600000024       3.98773747E-03
  0.457632959     -0.600000024       5.84061816E-03
  0.463276654     -0.600000024       7.43936701E-03
  0.470302731     -0.600000024       8.75098538E-03
  0.478398055     -0.600000024       9.73150693E-03
  0.487229019     -0.600000024       1.02822091E-02
  0.496430397     -0.600000024       1.03649739E-02
  0.505619645     -0.600000024       9.88563057E-03
  0.514392436     -0.600000024       8.73358361E-03
  0.522398829     -0.600000024       7.18660140E-03
  0.529372096     -0.600000024       5.61825372E-03
  0.535077095     -0.600000024       4.25432250E-03
  0.539353490     -0.600000024       3.22163664E-03
  0.542558968     -0.600000024       2.43965164E-03
  0.544968486     -0.600000024       1.85529131E-03
  0.542579412     -0.600000024       1.48853287E-03
  0.539357007     -0.600000024       1.53440784E-03
  0.535067141     -0.600000024       1.28640968E-03
  0.529391229     -0.600000024       5.06000477E-04
  0.522535324     -0.600000024      -8.10710015E-04
  0.514739335     -0.600000024      -2.44164444E-03
  0.506247044     -0.600000024      -4.04468784E-03
  0.497326821     -0.600000024      -5.14414022E-03
  0.488358170     -0.600000024      -5.72835840E-03
  0.479718387     -0.600000024      -5.93712647E-03
  0.471754819     -0.600000024      -5.79791330E-03
  0.464787364     -0.600000024      -5.36028296E-03
  0.459103316     -0.600000024      -4.64150030E-03
  0.454899967     -0.600000024      -3.74934310E-03
  0.451889366     -0.600000024      -2.59935786E-03
  0.432219893     -0.575652361      -6.26589986E-04
  0.432980120     -0.575652361       1.87368342E-03
  0.435543120     -0.575652361       4.23417147E-03
  0.439758897     -0.575652361       6.18640706E-03
  0.445720643     -0.575652361       7.86841381E-03
  0.453141928     -0.575652361       9.24564991E-03
  0.461691976     -0.575652361       1.02720354E-02
  0.471018434     -0.575652361       1.08436896E-02
  0.480735511     -0.575652361       1.09207686E-02
  0.490439177     -0.575652361       1.04042562E-02
  0.499702275     -0.575652361       9.17780865E-03
  0.508155584     -0.575652361       7.53515400E-03
  0.515517890     -0.575652361       5.87109616E-03
  0.521541059     -0.575652361       4.42433264E-03
  0.526055932     -0.575652361       3.32897971E-03
  0.529440165     -0.575652361       2.49957759E-03
  0.531984031     -0.575652361       1.87976810E-03
  0.529460669     -0.575652361       1.49513781E-03
  0.526057720     -0.575652361       1.54719874E-03
  0.521527231     -0.575652361       1.29011623E-03
  0.515532374     -0.575652361       4.72342712E-04
  0.508290827     -0.575652361      -9.10461298E-04
  0.500056088     -0.575652361      -2.62404303E-03
  0.491086096     -0.575652361      -4.30738926E-03
  0.481664807     -0.575652361      -5.45844436E-03
  0.472192883     -0.575652361      -6.06533885E-03
  0.463068724     -0.575652361      -6.27611252E-03
  0.454659075     -0.575652361      -6.12016348E-03
  0.447301656     -0.575652361      -5.65019203E-03
  0.441299886     -0.575652361      -4.88475384E-03
  0.436861992     -0.575652361      -3.93788656E-03
  0.433683991     -0.575652361      -2.72008171E-03
  0.407845229     -0.543188810      -6.33094052E-04
  0.408663034     -0.543188810       2.04292522E-03
  0.411410987     -0.543188810       4.56653442E-03
  0.415927976     -0.543188810       6.65050000E-03
  0.422314078     -0.543188810       8.44246987E-03
  0.430262506     -0.543188810       9.90589149E-03
  0.439419061     -0.543188810       1.09919282E-02
  0.449406236     -0.543188810       1.15898829E-02
  0.459810942     -0.543188810       1.16576785E-02
  0.470200360     -0.543188810       1.10899033E-02
  0.480116993     -0.543188810       9.76263359E-03
  0.489165902     -0.543188810       7.99093768E-03
  0.497046560     -0.543188810       6.19797828E-03
  0.503493667     -0.543188810       4.63971915E-03
  0.508326352     -0.543188810       3.46002053E-03
  0.511948764     -0.543188810       2.56680418E-03
  0.514671624     -0.543188810       1.89928373E-03
  0.511969209     -0.543188810       1.49126723E-03
  0.508325577     -0.543188810       1.55217270E-03
  0.503474116     -0.543188810       1.28377241E-03
  0.497053891     -0.543188810       4.17232077E-04
  0.489297867     -0.543188810      -1.05242478E-03
  0.480477959     -0.543188810      -2.87475623E-03
  0.470870733     -0.543188810      -4.66359779E-03
  0.460781127     -0.543188810      -5.88180311E-03
  0.450638145     -0.543188810      -6.51727058E-03
  0.440868109     -0.543188810      -6.72911899E-03
  0.431863695     -0.543188810      -6.54938165E-03
  0.423986435     -0.543188810      -6.03500055E-03
  0.417561203     -0.543188810      -5.20630274E-03
  0.412810743     -0.543188810      -4.18571196E-03
  0.409409761     -0.543188810      -2.87692458E-03
  0.375345558     -0.499904096      -6.33987249E-04
  0.376240909     -0.499904096       2.27611279E-03
  0.379236132     -0.499904096       5.01640886E-03
  0.384155393     -0.499904096       7.27469195E-03
  0.391107798     -0.499904096       9.21141356E-03
  0.399759501     -0.499904096       1.07874302E-02
  0.409724981     -0.499904096       1.19503308E-02
  0.420593292     -0.499904096       1.25804404E-02
  0.431914806     -0.499904096       1.26328263E-02
  0.443218380     -0.499904096       1.19936774E-02
  0.454005957     -0.499904096       1.05290934E-02
  0.463848442     -0.499904096       8.58271122E-03
  0.472419709     -0.499904096       6.61559403E-03
  0.479431599     -0.499904096       4.90679871E-03
  0.484687626     -0.499904096       3.61323520E-03
  0.488627344     -0.499904096       2.63388059E-03
  0.491588771     -0.499904096       1.90195488E-03
  0.488647372     -0.499904096       1.46354537E-03
  0.484682858     -0.499904096       1.53730495E-03
  0.479403466     -0.499904096       1.25522853E-03
  0.472415805     -0.499904096       3.25539324E-04
  0.463973463     -0.499904096      -1.25765672E-03
  0.454372734     -0.499904096      -3.22241196E-03
  0.443915427     -0.499904096      -5.14910836E-03
  0.432934433     -0.499904096      -6.45390432E-03
  0.421896517     -0.499904096      -7.12451153E-03
  0.411265284     -0.499904096      -7.33494526E-03
  0.401467919     -0.499904096      -7.12086773E-03
  0.392897755     -0.499904096      -6.54497975E-03
  0.385908127     -0.499904096      -5.63006941E-03
  0.380741268     -0.499904096      -4.50980011E-03
  0.377043337     -0.499904096      -3.07871774E-03
  0.332012504     -0.442191124      -6.21348561E-04
  0.333012640     -0.442191124       2.60041701E-03
  0.336338848     -0.442191124       5.62818768E-03
  0.341795474     -0.442191124       8.11654143E-03
  0.349503845     -0.442191124       1.02429474E-02
  0.359093964     -0.442191124       1.19649656E-02
  0.370138496     -0.442191124       1.32256048E-02
  0.382181853     -0.442191124       1.38934152E-02
  0.394725740     -0.442191124       1.39198685E-02
  0.407247841     -0.442191124       1.31801832E-02
  0.419195920     -0.442191124       1.15273902E-02
  0.430095553     -0.442191124       9.34342295E-03
  0.439586610     -0.442191124       7.14002876E-03
  0.447350740     -0.442191124       5.22719556E-03
  0.453170538     -0.442191124       3.77931888E-03
  0.457532883     -0.442191124       2.68324511E-03
  0.460811943     -0.442191124       1.86404062E-03
  0.457551777     -0.442191124       1.38650881E-03
  0.453159511     -0.442191124       1.47929240E-03
  0.447309375     -0.442191124       1.18149375E-03
  0.439564735     -0.442191124       1.70934567E-04
  0.430206567     -0.442191124      -1.55962294E-03
  0.419563919     -0.442191124      -3.70969926E-03
  0.407972336     -0.442191124      -5.81521867E-03
  0.395802200     -0.442191124      -7.23023759E-03
  0.383570790     -0.442191124      -7.94244558E-03
  0.371791303     -0.442191124      -8.14593490E-03
  0.360936850     -0.442191124      -7.88141135E-03
  0.351443052     -0.442191124      -7.21944217E-03
  0.343701422     -0.442191124      -6.18625898E-03
  0.337979883     -0.442191124      -4.93063452E-03
  0.333886713     -0.442191124      -3.33473971E-03
  0.278591245     -0.371042371      -5.84013818E-04
  0.279722720     -0.371042371       3.02126957E-03
  0.283459008     -0.371042371       6.40116725E-03
  0.289579719     -0.371042371       9.16944537E-03
  0.298221409     -0.371042371       1.15244687E-02
  0.308969468     -0.371042371       1.34199858E-02
  0.321345061     -0.371042371       1.47936465E-02
  0.334837377     -0.371042371       1.54997939E-02
  0.348888129     -0.371042371       1.54858045E-02
  0.362911761     -0.371042371       1.46137252E-02
  0.376289308     -0.371042371       1.27208522E-02
  0.388490587     -0.371042371       1.02366460E-02
  0.399114072     -0.371042371       7.73557881E-03
  0.407804161     -0.371042371       5.56597952E-03
  0.414317995     -0.371042371       3.92394792E-03
  0.419200510     -0.371042371       2.68104486E-03
  0.422870606     -0.371042371       1.75203581E-03
  0.419217169     -0.371042371       1.22848002E-03
  0.414297611     -0.371042371       1.34768221E-03
  0.407743722     -0.371042371       1.03445526E-03
  0.399065346     -0.371042371      -7.05605271E-05
  0.388577044     -0.371042371      -1.97644951E-03
  0.376648515     -0.371042371      -4.34778258E-03
  0.363657236     -0.371042371      -6.66590733E-03
  0.350020319     -0.371042371      -8.20857659E-03
  0.336317211     -0.371042371      -8.96380097E-03
  0.323122054     -0.371042371      -9.15077236E-03
  0.310964704     -0.371042371      -8.81672930E-03
  0.300332814     -0.371042371      -8.04223213E-03
  0.291664869     -0.371042371      -6.85802335E-03
  0.285260439     -0.371042371      -5.43167815E-03
  0.280681133     -0.371042371      -3.62985278E-03
  0.216705069     -0.288619727      -5.10728685E-04
  0.217991665     -0.288619727       3.53785651E-03
  0.222205788     -0.288619727       7.32252514E-03
  0.229098037     -0.288619727       1.04099540E-02
  0.238822788     -0.288619727       1.30225960E-02
  0.250913709     -0.288619727       1.51101341E-02
  0.264832288     -0.288619727       1.66044049E-02
  0.280003577     -0.288619727       1.73437260E-02
  0.295799732     -0.288619727       1.72711909E-02
  0.311562002     -0.288619727       1.62340757E-02
  0.326593727     -0.288619727       1.40519682E-02
  0.340300709     -0.288619727       1.12098251E-02
  0.352233797     -0.288619727       8.35510250E-03
  0.361994684     -0.288619727       5.88084385E-03
  0.369311094     -0.288619727       4.00849013E-03
  0.374795109     -0.288619727       2.59144371E-03
  0.378917396     -0.288619727       1.53218722E-03
  0.374807984     -0.288619727       9.58362303E-04
  0.369277745     -0.288619727       1.11226283E-03
  0.361908436     -0.288619727       7.86622404E-04
  0.352147460     -0.288619727      -4.20579629E-04
  0.340348542     -0.288619727      -2.52082781E-03
  0.326928586     -0.288619727      -5.13851922E-03
  0.312314034     -0.288619727      -7.69209443E-03
  0.296976805     -0.288619727      -9.37127136E-03
  0.281568348     -0.288619727      -1.01649128E-02
  0.266733229     -0.288619727      -1.03217615E-02
  0.253066927     -0.288619727      -9.89706814E-03
  0.241117403     -0.288619727      -8.98336899E-03
  0.231377438     -0.288619727      -7.61700375E-03
  0.224183142     -0.288619727      -5.98757202E-03
  0.219042271     -0.288619727      -3.94339580E-03
  0.148234501     -0.197427541      -3.92078568E-04
  0.149696469     -0.197427541       4.14572190E-03
  0.154442683     -0.197427541       8.37426819E-03
  0.162191346     -0.197427541       1.18083740E-02
  0.173116654     -0.197427541       1.46969985E-02
  0.186695099     -0.197427541       1.69857573E-02
  0.202321947     -0.197427541       1.86005551E-02
  0.219351307     -0.197427541       1.93625130E-02
  0.237078324     -0.197427541       1.92105696E-02
  0.254762948     -0.197427541       1.79762710E-02
  0.271622658     -0.197427541       1.54602621E-02
  0.286992699     -0.197427541       1.22094397E-02
  0.300371915     -0.197427541       8.95242393E-03
  0.311315060     -0.197427541       6.13208441E-03
  0.319517583     -0.197427541       3.99815291E-03
  0.325665712     -0.197427541       2.38337531E-03
  0.330287248     -0.197427541       1.17621012E-03
  0.325672865     -0.197427541       5.50583762E-04
  0.319467247     -0.197427541       7.47995975E-04
  0.311195523     -0.197427541       4.15453396E-04
  0.300235838     -0.197427541      -8.95745645E-04
  0.286985040     -0.197427541      -3.20006954E-03
  0.271912724     -0.197427541      -6.07785722E-03
  0.255500078     -0.197427541      -8.87835585E-03
  0.238280296     -0.197427541      -1.06943296E-02
  0.220984533     -0.197427541      -1.15161883E-02
  0.204335034     -0.197427541      -1.16259633E-02
  0.188999861     -0.197427541      -1.10883201E-02
  0.175593540     -0.197427541      -1.00095561E-02
  0.164668918     -0.197427541      -8.43265094E-03
  0.156602368     -0.197427541      -6.57188799E-03
  0.150842115     -0.197427541      -4.25484311E-03
   7.52602667E-02 -0.100236610      -2.22178976E-04
   7.69134536E-02 -0.100236610       4.83554229E-03
   8.22307169E-02 -0.100236610       9.53256153E-03
   9.08952653E-02 -0.100236610       1.33286919E-02
  0.103102677     -0.100236610       1.65009778E-02
  0.118268408     -0.100236610       1.89911928E-02
  0.135717183     -0.100236610       2.07195077E-02
  0.154727265     -0.100236610       2.14893240E-02
  0.174511686     -0.100236610       2.12358348E-02
  0.194243670     -0.100236610       1.97745301E-02
  0.213048875     -0.100236610       1.68866124E-02
  0.230187997     -0.100236610       1.31856212E-02
  0.245105147     -0.100236610       9.48713813E-03
  0.257305443     -0.100236610       6.28756080E-03
  0.266450167     -0.100236610       3.86705459E-03
  0.273304462     -0.100236610       2.03570072E-03
  0.278456867     -0.100236610       6.66508800E-04
  0.273303777     -0.100236610      -9.91270645E-06
  0.266378611     -0.100236610       2.39791261E-04
  0.257144958     -0.100236610      -9.22085092E-05
  0.244906649     -0.100236610      -1.50376477E-03
  0.230106547     -0.100236610      -4.01290413E-03
  0.213270694     -0.100236610      -7.15346495E-03
  0.194939271     -0.100236610      -1.02014197E-02
  0.175711662     -0.100236610      -1.21467253E-02
  0.156403959     -0.100236610      -1.29821394E-02
  0.137820929     -0.100236610      -1.30258547E-02
  0.120707884     -0.100236610      -1.23532070E-02
  0.105750188     -0.100236610      -1.10857449E-02
   9.35646668E-02 -0.100236610      -9.27405246E-03
   8.45703930E-02 -0.100236610      -7.15907384E-03
   7.81523511E-02 -0.100236610      -4.54575475E-03
   2.98023224E-08  -3.72529030E-08  -9.14323686E-11
   1.85507000E-03  -3.72529030E-08   5.59231127E-03
   7.76552269E-03  -3.72529030E-08   1.07674785E-02
   1.73779856E-02  -3.72529030E-08   1.49288997E-02
   3.09103820E-02  -3.72529030E-08   1.83823910E-02
   4.77151684E-02  -3.72529030E-08   2.10663136E-02
   6.70442283E-02  -3.72529030E-08   2.28955410E-02
   8.80974606E-02  -3.72529030E-08   2.36558802E-02
  0.110003129      -3.72529030E-08   2.32793875E-02
  0.131844908      -3.72529030E-08   2.15657558E-02
  0.152653560      -3.72529030E-08   1.82769503E-02
  0.171613455      -3.72529030E-08   1.40959118E-02
  0.188113019      -3.72529030E-08   9.92841274E-03
  0.201606676      -3.72529030E-08   6.32649893E-03
  0.211720735      -3.72529030E-08   3.60203371E-03
  0.219301522      -3.72529030E-08   1.54101697E-03
  0.225000009      -3.72529030E-08  -1.47525929E-08
  0.219290838      -3.72529030E-08  -7.24048121E-04
  0.211623922      -3.72529030E-08  -4.14018577E-04
  0.201398104      -3.72529030E-08  -7.36919115E-04
  0.187840000      -3.72529030E-08  -2.24064081E-03
  0.171439976      -3.72529030E-08  -4.94728889E-03
  0.152782753      -3.72529030E-08  -8.34323838E-03
  0.132469952      -3.72529030E-08  -1.16294054E-02
  0.111170180      -3.72529030E-08  -1.36902900E-02
   8.97870958E-02  -3.72529030E-08  -1.45218251E-02
   6.92102462E-02  -3.72529030E-08  -1.44802369E-02
   5.02645560E-02  -3.72529030E-08  -1.36525519E-02
   3.37083191E-02  -3.72529030E-08  -1.21766767E-02
   2.02243067E-02  -3.72529030E-08  -1.01116113E-02
   1.02753602E-02  -3.72529030E-08  -7.72617804E-03
   3.18144611E-03  -3.72529030E-08  -4.80141863E-03
   7.52601996E-02  0.100236535      -2.22178831E-04
   7.69133940E-02  0.100236535       4.83554276E-03
   8.22306573E-02  0.100236535       9.53256246E-03
   9.08951983E-02  0.100236535       1.33286929E-02
  0.103102610      0.100236535       1.65009778E-02
  0.118268348      0.100236535       1.89911947E-02
  0.135717124      0.100236535       2.07195077E-02
  0.154727206      0.100236535       2.14893240E-02
  0.174511626      0.100236535       2.12358348E-02
  0.194243610      0.100236535       1.97745319E-02
  0.213048816      0.100236535       1.68866143E-02
  0.230187938      0.100236535       1.31856222E-02
  0.245105103      0.100236535       9.48713813E-03
  0.257305384      0.100236535       6.28756080E-03
  0.266450137      0.100236535       3.86705506E-03
  0.273304433      0.100236535       2.03570095E-03
  0.278456807      0.100236535       6.66508859E-04
  0.273303747      0.100236535      -9.91270826E-06
  0.266378552      0.100236535       2.39791290E-04
  0.257144928      0.100236535      -9.22085237E-05
  0.244906604      0.100236535      -1.50376488E-03
  0.230106488      0.100236535      -4.01290460E-03
  0.213270649      0.100236535      -7.15346541E-03
  0.194939211      0.100236535      -1.02014206E-02
  0.175711602      0.100236535      -1.21467263E-02
  0.156403914      0.100236535      -1.29821403E-02
  0.137820870      0.100236535      -1.30258556E-02
  0.120707825      0.100236535      -1.23532079E-02
  0.105750121      0.100236535      -1.10857459E-02
   9.35646072E-02  0.100236535      -9.27405246E-03
   8.45703334E-02  0.100236535      -7.15907384E-03
   7.81522915E-02  0.100236535      -4.54575522E-03
  0.148234427      0.197427467      -3.92078480E-04
  0.149696410      0.197427467       4.14572190E-03
  0.154442623      0.197427467       8.37426912E-03
  0.162191287      0.197427467       1.18083758E-02
  0.173116595      0.197427467       1.46969995E-02
  0.186695039      0.197427467       1.69857573E-02
  0.202321887      0.197427467       1.86005570E-02
  0.219351247      0.197427467       1.93625130E-02
  0.237078264      0.197427467       1.92105696E-02
  0.254762888      0.197427467       1.79762710E-02
  0.271622598      0.197427467       1.54602639E-02
  0.286992639      0.197427467       1.22094406E-02
  0.300371885      0.197427467       8.95242486E-03
  0.311315000      0.197427467       6.13208488E-03
  0.319517523      0.197427467       3.99815338E-03
  0.325665683      0.197427467       2.38337554E-03
  0.330287218      0.197427467       1.17621024E-03
  0.325672835      0.197427467       5.50583820E-04
  0.319467187      0.197427467       7.47995975E-04
  0.311195463      0.197427467       4.15453425E-04
  0.300235778      0.197427467      -8.95745761E-04
  0.286985010      0.197427467      -3.20006977E-03
  0.271912694      0.197427467      -6.07785769E-03
  0.255500019      0.197427467      -8.87835678E-03
  0.238280237      0.197427467      -1.06943306E-02
  0.220984474      0.197427467      -1.15161892E-02
  0.204334974      0.197427467      -1.16259651E-02
  0.188999802      0.197427467      -1.10883210E-02
  0.175593480      0.197427467      -1.00095570E-02
  0.164668843      0.197427467      -8.43265187E-03
  0.156602293      0.197427467      -6.57188846E-03
  0.150842056      0.197427467      -4.25484357E-03
  0.216704994      0.288619667      -5.10728569E-04
  0.217991605      0.288619667       3.53785697E-03
  0.222205713      0.288619667       7.32252654E-03
  0.229097977      0.288619667       1.04099549E-02
  0.238822728      0.288619667       1.30225979E-02
  0.250913650      0.288619667       1.51101351E-02
  0.264832228      0.288619667       1.66044068E-02
  0.280003518      0.288619667       1.73437279E-02
  0.295799702      0.288619667       1.72711927E-02
  0.311561942      0.288619667       1.62340775E-02
  0.326593667      0.288619667       1.40519701E-02
  0.340300649      0.288619667       1.12098260E-02
  0.352233768      0.288619667       8.35510436E-03
  0.361994624      0.288619667       5.88084431E-03
  0.369311035      0.288619667       4.00849059E-03
  0.374795049      0.288619667       2.59144395E-03
  0.378917366      0.288619667       1.53218722E-03
  0.374807954      0.288619667       9.58362420E-04
  0.369277716      0.288619667       1.11226307E-03
  0.361908376      0.288619667       7.86622462E-04
  0.352147400      0.288619667      -4.20579658E-04
  0.340348482      0.288619667      -2.52082804E-03
  0.326928526      0.288619667      -5.13851969E-03
  0.312313974      0.288619667      -7.69209489E-03
  0.296976745      0.288619667      -9.37127229E-03
  0.281568289      0.288619667      -1.01649137E-02
  0.266733170      0.288619667      -1.03217633E-02
  0.253066868      0.288619667      -9.89706907E-03
  0.241117343      0.288619667      -8.98336992E-03
  0.231377378      0.288619667      -7.61700422E-03
  0.224183083      0.288619667      -5.98757295E-03
  0.219042212      0.288619667      -3.94339580E-03
  0.278591186      0.371042311      -5.84013702E-04
  0.279722631      0.371042311       3.02127004E-03
  0.283458948      0.371042311       6.40116865E-03
  0.289579660      0.371042311       9.16944724E-03
  0.298221320      0.371042311       1.15244696E-02
  0.308969408      0.371042311       1.34199876E-02
  0.321345001      0.371042311       1.47936475E-02
  0.334837317      0.371042311       1.54997958E-02
  0.348888069      0.371042311       1.54858064E-02
  0.362911701      0.371042311       1.46137262E-02
  0.376289248      0.371042311       1.27208540E-02
  0.388490528      0.371042311       1.02366488E-02
  0.399114013      0.371042311       7.73558021E-03
  0.407804102      0.371042311       5.56597998E-03
  0.414317936      0.371042311       3.92394792E-03
  0.419200450      0.371042311       2.68104533E-03
  0.422870576      0.371042311       1.75203593E-03
  0.419217139      0.371042311       1.22848013E-03
  0.414297551      0.371042311       1.34768232E-03
  0.407743692      0.371042311       1.03445537E-03
  0.399065286      0.371042311      -7.05605344E-05
  0.388577014      0.371042311      -1.97644951E-03
  0.376648486      0.371042311      -4.34778305E-03
  0.363657176      0.371042311      -6.66590780E-03
  0.350020260      0.371042311      -8.20857752E-03
  0.336317182      0.371042311      -8.96380283E-03
  0.323121995      0.371042311      -9.15077329E-03
  0.310964644      0.371042311      -8.81673023E-03
  0.300332755      0.371042311      -8.04223213E-03
  0.291664809      0.371042311      -6.85802381E-03
  0.285260379      0.371042311      -5.43167815E-03
  0.280681074      0.371042311      -3.62985325E-03
  0.332012445      0.442191064      -6.21348561E-04
  0.333012551      0.442191064       2.60041724E-03
  0.336338788      0.442191064       5.62818861E-03
  0.341795415      0.442191064       8.11654329E-03
  0.349503785      0.442191064       1.02429483E-02
  0.359093904      0.442191064       1.19649675E-02
  0.370138437      0.442191064       1.32256066E-02
  0.382181823      0.442191064       1.38934171E-02
  0.394725710      0.442191064       1.39198704E-02
  0.407247782      0.442191064       1.31801842E-02
  0.419195861      0.442191064       1.15273912E-02
  0.430095494      0.442191064       9.34342388E-03
  0.439586580      0.442191064       7.14002969E-03
  0.447350681      0.442191064       5.22719603E-03
  0.453170508      0.442191064       3.77931958E-03
  0.457532823      0.442191064       2.68324534E-03
  0.460811913      0.442191064       1.86404074E-03
  0.457551748      0.442191064       1.38650904E-03
  0.453159451      0.442191064       1.47929252E-03
  0.447309315      0.442191064       1.18149386E-03
  0.439564705      0.442191064       1.70934582E-04
  0.430206537      0.442191064      -1.55962305E-03
  0.419563860      0.442191064      -3.70969973E-03
  0.407972276      0.442191064      -5.81521960E-03
  0.395802140      0.442191064      -7.23023852E-03
  0.383570760      0.442191064      -7.94244651E-03
  0.371791244      0.442191064      -8.14593583E-03
  0.360936791      0.442191064      -7.88141321E-03
  0.351442993      0.442191064      -7.21944310E-03
  0.343701363      0.442191064      -6.18625991E-03
  0.337979823      0.442191064      -4.93063452E-03
  0.333886653      0.442191064      -3.33474018E-03
  0.375345498      0.499904037      -6.33987191E-04
  0.376240849      0.499904037       2.27611326E-03
  0.379236072      0.499904037       5.01640979E-03
  0.384155333      0.499904037       7.27469288E-03
  0.391107738      0.499904037       9.21141449E-03
  0.399759442      0.499904037       1.07874321E-02
  0.409724921      0.499904037       1.19503327E-02
  0.420593232      0.499904037       1.25804413E-02
  0.431914747      0.499904037       1.26328273E-02
  0.443218321      0.499904037       1.19936783E-02
  0.454005897      0.499904037       1.05290944E-02
  0.463848412      0.499904037       8.58271215E-03
  0.472419649      0.499904037       6.61559450E-03
  0.479431570      0.499904037       4.90680011E-03
  0.484687567      0.499904037       3.61323589E-03
  0.488627285      0.499904037       2.63388106E-03
  0.491588712      0.499904037       1.90195499E-03
  0.488647312      0.499904037       1.46354560E-03
  0.484682798      0.499904037       1.53730507E-03
  0.479403406      0.499904037       1.25522865E-03
  0.472415745      0.499904037       3.25539382E-04
  0.463973403      0.499904037      -1.25765684E-03
  0.454372674      0.499904037      -3.22241220E-03
  0.443915397      0.499904037      -5.14910975E-03
  0.432934374      0.499904037      -6.45390479E-03
  0.421896458      0.499904037      -7.12451292E-03
  0.411265224      0.499904037      -7.33494572E-03
  0.401467860      0.499904037      -7.12086866E-03
  0.392897695      0.499904037      -6.54498069E-03
  0.385908067      0.499904037      -5.63006988E-03
  0.380741209      0.499904037      -4.50980058E-03
  0.377043247      0.499904037      -3.07871797E-03
  0.407845169      0.543188751      -6.33093994E-04
  0.408662975      0.543188751       2.04292545E-03
  0.411410898      0.543188751       4.56653535E-03
  0.415927917      0.543188751       6.65050093E-03
  0.422314018      0.543188751       8.44247080E-03
  0.430262446      0.543188751       9.90589242E-03
  0.439419001      0.543188751       1.09919291E-02
  0.449406177      0.543188751       1.15898829E-02
  0.459810883      0.543188751       1.16576795E-02
  0.470200300      0.543188751       1.10899042E-02
  0.480116934      0.543188751       9.76263452E-03
  0.489165843      0.543188751       7.99093861E-03
  0.497046500      0.543188751       6.19797921E-03
  0.503493607      0.543188751       4.63971961E-03
  0.508326292      0.543188751       3.46002053E-03
  0.511948705      0.543188751       2.56680441E-03
  0.514671624      0.543188751       1.89928396E-03
  0.511969149      0.543188751       1.49126735E-03
  0.508325517      0.543188751       1.55217282E-03
  0.503474057      0.543188751       1.28377241E-03
  0.497053832      0.543188751       4.17232077E-04
  0.489297807      0.543188751      -1.05242489E-03
  0.480477899      0.543188751      -2.87475646E-03
  0.470870674      0.543188751      -4.66359779E-03
  0.460781068      0.543188751      -5.88180358E-03
  0.450638086      0.543188751      -6.51727151E-03
  0.440868050      0.543188751      -6.72911946E-03
  0.431863636      0.543188751      -6.54938212E-03
  0.423986375      0.543188751      -6.03500102E-03
  0.417561144      0.543188751      -5.20630274E-03
  0.412810683      0.543188751      -4.18571196E-03
  0.409409702      0.543188751      -2.87692458E-03
  0.432219863      0.575652301      -6.26590045E-04
  0.432980090      0.575652301       1.87368388E-03
  0.435543090      0.575652301       4.23417194E-03
  0.439758867      0.575652301       6.18640753E-03
  0.445720613      0.575652301       7.86841474E-03
  0.453141898      0.575652301       9.24565084E-03
  0.461691946      0.575652301       1.02720372E-02
  0.471018404      0.575652301       1.08436905E-02
  0.480735511      0.575652301       1.09207714E-02
  0.490439147      0.575652301       1.04042571E-02
  0.499702275      0.575652301       9.17780958E-03
  0.508155584      0.575652301       7.53515493E-03
  0.515517831      0.575652301       5.87109663E-03
  0.521540999      0.575652301       4.42433311E-03
  0.526055872      0.575652301       3.32897995E-03
  0.529440165      0.575652301       2.49957805E-03
  0.531983972      0.575652301       1.87976833E-03
  0.529460669      0.575652301       1.49513816E-03
  0.526057720      0.575652301       1.54719909E-03
  0.521527231      0.575652301       1.29011634E-03
  0.515532374      0.575652301       4.72342799E-04
  0.508290768      0.575652301      -9.10461473E-04
  0.500056088      0.575652301      -2.62404326E-03
  0.491086066      0.575652301      -4.30739019E-03
  0.481664777      0.575652301      -5.45844482E-03
  0.472192854      0.575652301      -6.06533932E-03
  0.463068694      0.575652301      -6.27611345E-03
  0.454659045      0.575652301      -6.12016441E-03
  0.447301626      0.575652301      -5.65019296E-03
  0.441299856      0.575652301      -4.88475477E-03
  0.436861962      0.575652301      -3.93788749E-03
  0.433683962      0.575652301      -2.72008195E-03
  0.450500846      0.599999964      -6.18430437E-04
  0.451218218      0.599999964       1.74993067E-03
  0.453642845      0.599999964       3.98773793E-03
  0.457632959      0.599999964       5.84061863E-03
  0.463276654      0.599999964       7.43936794E-03
  0.470302731      0.599999964       8.75098631E-03
  0.478398055      0.599999964       9.73150786E-03
  0.487229019      0.599999964       1.02822091E-02
  0.496430397      0.599999964       1.03649739E-02
  0.505619645      0.599999964       9.88563150E-03
  0.514392436      0.599999964       8.73358455E-03
  0.522398829      0.599999964       7.18660187E-03
  0.529372096      0.599999964       5.61825419E-03
  0.535077095      0.599999964       4.25432250E-03
  0.539353490      0.599999964       3.22163664E-03
  0.542558968      0.599999964       2.43965187E-03
  0.544968486      0.599999964       1.85529154E-03
  0.542579412      0.599999964       1.48853310E-03
  0.539357007      0.599999964       1.53440807E-03
  0.535067141      0.599999964       1.28640980E-03
  0.529391229      0.599999964       5.06000535E-04
  0.522535384      0.599999964      -8.10710073E-04
  0.514739335      0.599999964      -2.44164467E-03
  0.506247044      0.599999964      -4.04468784E-03
  0.497326851      0.599999964      -5.14414022E-03
  0.488358170      0.599999964      -5.72835887E-03
  0.479718387      0.599999964      -5.93712693E-03
  0.471754819      0.599999964      -5.79791376E-03
  0.464787364      0.599999964      -5.36028342E-03
  0.459103316      0.599999964      -4.64150030E-03
  0.454899967      0.599999964      -3.74934310E-03
  0.451889366      0.599999964      -2.59935809E-03
  0.452527791      0.601525664       6.62608363E-04
  0.452863365      0.601525664      -1.51203596E-03
  0.455979943      0.602725625       2.05346756E-03
  0.456608504      0.602725625      -1.81507308E-03
  0.460709482      0.603697121       3.22008878E-03
  0.461444676      0.603697121      -2.02097092E-03
  0.466914326      0.604529738       4.23945487E-03
  0.467669696      0.604529738      -2.16037082E-03
  0.474308878      0.605177939       5.11376094E-03
  0.475034922      0.605177939      -2.16068910E-03
  0.482576340      0.605616987       5.81434881E-03
  0.483236521      0.605616987      -2.01996858E-03
  0.491359800      0.605787218       6.27956679E-03
  0.491924375      0.605787218      -1.72571733E-03
  0.500297070      0.605655313       6.48769503E-03
  0.500745296      0.605655313      -1.26686203E-03
  0.508970261      0.605124354       6.40305132E-03
  0.509283960      0.605124354      -5.62108413E-04
  0.516980290      0.604145229       5.93977701E-03
  0.517153740      0.604145229       3.52162373E-04
  0.524182260      0.602989256       5.18727349E-03
  0.524250567      0.602989256       1.18861767E-03
  0.530472040      0.601923823       4.34019091E-03
  0.530481577      0.601923823       1.78406388E-03
  0.535699248      0.601123154       3.51234432E-03
  0.535694242      0.601123154       2.02838797E-03
  0.539704680      0.600641191       2.79982947E-03
  0.539706409      0.600641191       1.95621513E-03
  0.542759478      0.600362659       2.20187218E-03
  0.542769730      0.600362659       1.72631280E-03
         672
           1          31          31          32
           2          31          31           1
          62          31          31           2
           3           1          32          33
           4           2           1           3
          61          62           2           4
           5           3          33          34
           6           4           3           5
          60          61           4           6
           7           5          34          35
           8           6           5           7
          59          60           6           8
           9           7          35          36
          10           8           7           9
          58          59           8          10
          11           9          36          37
          12          10           9          11
          57          58          10          12
          13          11          37          38
          14          12          11          13
          56          57          12          14
          15          13          38          39
          16          14          13          15
          55          56          14          16
          17          15          39          40
          18          16          15          17
          54          55          16          18
          19          17          40          41
          20          18          17          19
          53          54          18          20
          21          19          41          42
          22          20          19          21
          52          53          20          22
          23          21          42          43
          24          22          21          23
          51          52          22          24
          25          23          43          44
          26          24          23          25
          50          51          24          26
          27          25          44          45
          28          26          25          27
          49          50          26          28
          29          27          45          46
          30          28          27          29
          48          49          28          30
          47          29          46          47
          47          30          29          47
          47          48          30          47
          31          63          64          32
          32          64          65          33
          33          65          66          34
          34          66          67          35
          35          67          68          36
          36          68          69          37
          37          69          70          38
          38          70          71          39
          39          71          72          40
          40          72          73          41
          41          73          74          42
          42          74          75          43
          43          75          76          44
          44          76          77          45
          45          77          78          46
          46          78          79          47
          47          79          80          48
          48          80          81          49
          49          81          82          50
          50          82          83          51
          51          83          84          52
          52          84          85          53
          53          85          86          54
          54          86          87          55
          55          87          88          56
          56          88          89          57
          57          89          90          58
          58          90          91          59
          59          91          92          60
          60          92          93          61
          61          93          94          62
          62          94          63          31
          63          95          96          64
          64          96          97          65
          65          97          98          66
          66          98          99          67
          67          99         100          68
          68         100         101          69
          69         101         102          70
          70         102         103          71
          71         103         104          72
          72         104         105          73
          73         105         106          74
          74         106         107          75
          75         107         108          76
          76         108         109          77
          77         109         110          78
          78         110         111          79
          79         111         112          80
          80         112         113          81
          81         113         114          82
          82         114         115          83
          83         115         116          84
          84         116         117          85
          85         117         118          86
          86         118         119          87
          87         119         120          88
          88         120         121          89
          89         121         122          90
          90         122         123          91
          91         123         124          92
          92         124         125          93
          93         125         126          94
          94         126          95          63
          95         127         128          96
          96         128         129          97
          97         129         130          98
          98         130         131          99
          99         131         132         100
         100         132         133         101
         101         133         134         102
         102         134         135         103
         103         135         136         104
         104         136         137         105
         105         137         138         106
         106         138         139         107
         107         139         140         108
         108         140         141         109
         109         141         142         110
         110         142         143         111
         111         143         144         112
         112         144         145         113
         113         145         146         114
         114         146         147         115
         115         147         148         116
         116         148         149         117
         117         149         150         118
         118         150         151         119
         119         151         152         120
         120         152         153         121
         121         153         154         122
         122         154         155         123
         123         155         156         124
         124         156         157         125
         125         157         158         126
         126         158         127          95
         127         159         160         128
         128         160         161         129
         129         161         162         130
         130         162         163         131
         131         163         164         132
         132         164         165         133
         133         165         166         134
         134         166         167         135
         135         167         168         136
         136         168         169         137
         137         169         170         138
         138         170         171         139
         139         171         172         140
         140         172         173         141
         141         173         174         142
         142         174         175         143
         143         175         176         144
         144         176         177         145
         145         177         178         146
         146         178         179         147
         147         179         180         148
         148         180         181         149
         149         181         182         150
         150         182         183         151
         151         183         184         152
         152         184         185         153
         153         185         186         154
         154         186         187         155
         155         187         188         156
         156         188         189         157
         157         189         190         158
         158         190         159         127
         159         191         192         160
         160         192         193         161
         161         193         194         162
         162         194         195         163
         163         195         196         164
         164         196         197         165
         165         197         198         166
         166         198         199         167
         167         199         200         168
         168         200         201         169
         169         201         202         170
         170         202         203         171
         171         203         204         172
         172         204         205         173
         173         205         206         174
         174         206         207         175
         175         207         208         176
         176         208         209         177
         177         209         210         178
         178         210         211         179
         179         211         212         180
         180         212         213         181
         181         213         214         182
         182         214         215         183
         183         215         216         184
         184         216         217         185
         185         217         218         186
         186         218         219         187
         187         219         220         188
         188         220         221         189
         189         221         222         190
         190         222         191         159
         191         223         224         192
         192         224         225         193
         193         225         226         194
         194         226         227         195
         195         227         228         196
         196         228         229         197
         197         229         230         198
         198         230         231         199
         199         231         232         200
         200         232         233         201
         201         233         234         202
         202         234         235         203
         203         235         236         204
         204         236         237         205
         205         237         238         206
         206         238         239         207
         207         239         240         208
         208         240         241         209
         209         241         242         210
         210         242         243         211
         211         243         244         212
         212         244         245         213
         213         245         246         214
         214         246         247         215
         215         247         248         216
         216         248         249         217
         217         249         250         218
         218         250         251         219
         219         251         252         220
         220         252         253         221
         221         253         254         222
         222         254         223         191
         223         255         256         224
         224         256         257         225
         225         257         258         226
         226         258         259         227
         227         259         260         228
         228         260         261         229
         229         261         262         230
         230         262         263         231
         231         263         264         232
         232         264         265         233
         233         265         266         234
         234         266         267         235
         235         267         268         236
         236         268         269         237
         237         269         270         238
         238         270         271         239
         239         271         272         240
         240         272         273         241
         241         273         274         242
         242         274         275         243
         243         275         276         244
         244         276         277         245
         245         277         278         246
         246         278         279         247
         247         279         280         248
         248         280         281         249
         249         281         282         250
         250         282         283         251
         251         283         284         252
         252         284         285         253
         253         285         286         254
         254         286         255         223
         255         287         288         256
         256         288         289         257
         257         289         290         258
         258         290         291         259
         259         291         292         260
         260         292         293         261
         261         293         294         262
         262         294         295         263
         263         295         296         264
         264         296         297         265
         265         297         298         266
         266         298         299         267
         267         299         300         268
         268         300         301         269
         269         301         302         270
         270         302         303         271
         271         303         304         272
         272         304         305         273
         273         305         306         274
         274         306         307         275
         275         307         308         276
         276         308         309         277
         277         309         310         278
         278         310         311         279
         279         311         312         280
         280         312         313         281
         281         313         314         282
         282         314         315         283
         283         315         316         284
         284         316         317         285
         285         317         318         286
         286         318         287         255
         287         319         320         288
         288         320         321         289
         289         321         322         290
         290         322         323         291
         291         323         324         292
         292         324         325         293
         293         325         326         294
         294         326         327         295
         295         327         328         296
         296         328         329         297
         297         329         330         298
         298         330         331         299
         299         331         332         300
         300         332         333         301
         301         333         334         302
         302         334         335         303
         303         335         336         304
         304         336         337         305
         305         337         338         306
         306         338         339         307
         307         339         340         308
         308         340         341         309
         309         341         342         310
         310         342         343         311
         311         343         344         312
         312         344         345         313
         313         345         346         314
         314         346         347         315
         315         347         348         316
         316         348         349         317
         317         349         350         318
         318         350         319         287
         319         351         352         320
         320         352         353         321
         321         353         354         322
         322         354         355         323
         323         355         356         324
         324         356         357         325
         325         357         358         326
         326         358         359         327
         327         359         360         328
         328         360         361         329
         329         361         362         330
         330         362         363         331
         331         363         364         332
         332         364         365         333
         333         365         366         334
         334         366         367         335
         335         367         368         336
         336         368         369         337
         337         369         370         338
         338         370         371         339
         339         371         372         340
         340         372         373         341
         341         373         374         342
         342         374         375         343
         343         375         376         344
         344         376         377         345
         345         377         378         346
         346         378         379         347
         347         379         380         348
         348         380         381         349
         349         381         382         350
         350         382         351         319
         351         383         384         352
         352         384         385         353
         353         385         386         354
         354         386         387         355
         355         387         388         356
         356         388         389         357
         357         389         390         358
         358         390         391         359
         359         391         392         360
         360         392         393         361
         361         393         394         362
         362         394         395         363
         363         395         396         364
         364         396         397         365
         365         397         398         366
         366         398         399         367
         367         399         400         368
         368         400         401         369
         369         401         402         370
         370         402         403         371
         371         403         404         372
         372         404         405         373
         373         405         406         374
         374         406         407         375
         375         407         408         376
         376         408         409         377
         377         409         410         378
         378         410         411         379
         379         411         412         380
         380         412         413         381
         381         413         414         382
         382         414         383         351
         383         415         416         384
         384         416         417         385
         385         417         418         386
         386         418         419         387
         387         419         420         388
         388         420         421         389
         389         421         422         390
         390         422         423         391
         391         423         424         392
         392         424         425         393
         393         425         426         394
         394         426         427         395
         395         427         428         396
         396         428         429         397
         397         429         430         398
         398         430         431         399
         399         431         432         400
         400         432         433         401
         401         433         434         402
         402         434         435         403
         403         435         436         404
         404         436         437         405
         405         437         438         406
         406         438         439         407
         407         439         440         408
         408         440         441         409
         409         441         442         410
         410         442         443         411
         411         443         444         412
         412         444         445         413
         413         445         446         414
         414         446         415         383
         415         447         448         416
         416         448         449         417
         417         449         450         418
         418         450         451         419
         419         451         452         420
         420         452         453         421
         421         453         454         422
         422         454         455         423
         423         455         456         424
         424         456         457         425
         425         457         458         426
         426         458         459         427
         427         459         460         428
         428         460         461         429
         429         461         462         430
         430         462         463         431
         431         463         464         432
         432         464         465         433
         433         465         466         434
         434         466         467         435
         435         467         468         436
         436         468         469         437
         437         469         470         438
         438         470         471         439
         439         471         472         440
         440         472         473         441
         441         473         474         442
         442         474         475         443
         443         475         476         444
         444         476         477         445
         445         477         478         446
         446         478         447         415
         447         479         480         448
         448         480         481         449
         449         481         482         450
         450         482         483         451
         451         483         484         452
         452         484         485         453
         453         485         486         454
         454         486         487         455
         455         487         488         456
         456         488         489         457
         457         489         490         458
         458         490         491         459
         459         491         492         460
         460         492         493         461
         461         493         494         462
         462         494         495         463
         463         495         496         464
         464         496         497         465
         465         497         498         466
         466         498         499         467
         467         499         500         468
         468         500         501         469
         469         501         502         470
         470         502         503         471
         471         503         504         472
         472         504         505         473
         473         505         506         474
         474         506         507         475
         475         507         508         476
         476         508         509         477
         477         509         510         478
         478         510         479         447
         479         511         512         480
         480         512         513         481
         481         513         514         482
         482         514         515         483
         483         515         516         484
         484         516         517         485
         485         517         518         486
         486         518         519         487
         487         519         520         488
         488         520         521         489
         489         521         522         490
         490         522         523         491
         491         523         524         492
         492         524         525         493
         493         525         526         494
         494         526         527         495
         495         527         528         496
         496         528         529         497
         497         529         530         498
         498         530         531         499
         499         531         532         500
         500         532         533         501
         501         533         534         502
         502         534         535         503
         503         535         536         504
         504         536         537         505
         505         537         538         506
         506         538         539         507
         507         539         540         508
         508         540         541         509
         509         541         542         510
         510         542         511         479
         511         543         544         512
         512         544         545         513
         513         545         546         514
         514         546         547         515
         515         547         548         516
         516         548         549         517
         517         549         550         518
         518         550         551         519
         519         551         552         520
         520         552         553         521
         521         553         554         522
         522         554         555         523
         523         555         556         524
         524         556         557         525
         525         557         558         526
         526         558         559         527
         527         559         560         528
         528         560         561         529
         529         561         562         530
         530         562         563         531
         531         563         564         532
         532         564         565         533
         533         565         566         534
         534         566         567         535
         535         567         568         536
         536         568         569         537
         537         569         570         538
         538         570         571         539
         539         571         572         540
         540         572         573         541
         541         573         574         542
         542         574         543         511
         543         575         576         544
         544         576         577         545
         545         577         578         546
         546         578         579         547
         547         579         580         548
         548         580         581         549
         549         581         582         550
         550         582         583         551
         551         583         584         552
         552         584         585         553
         553         585         586         554
         554         586         587         555
         555         587         588         556
         556         588         589         557
         557         589         590         558
         558         590         591         559
         559         591         592         560
         560         592         593         561
         561         593         594         562
         562         594         595         563
         563         595         596         564
         564         596         597         565
         565         597         598         566
         566         598         599         567
         567         599         600         568
         568         600         601         569
         569         601         602         570
         570         602         603         571
         571         603         604         572
         572         604         605         573
         573         605         606         574
         574         606         575         543
         575         607         608         576
         576         608         609         577
         577         609         610         578
         578         610         611         579
         579         611         612         580
         580         612         613         581
         581         613         614         582
         582         614         615         583
         583         615         616         584
         584         616         617         585
         585         617         618         586
         586         618         619         587
         587         619         620         588
         588         620         621         589
         589         621         622         590
         590         622         623         591
         591         623         624         592
         592         624         625         593
         593         625         626         594
         594         626         627         595
         595         627         628         596
         596         628         629         597
         597         629         630         598
         598         630         631         599
         599         631         632         600
         600         632         633         601
         601         633         634         602
         602         634         635         603
         603         635         636         604
         604         636         637         605
         605         637         638         606
         606         638         607         575
         607         639         608         607
         607         640         639         607
         607         638         640         607
         639         641         609         608
         640         642         641         639
         638         637         642         640
         641         643         610         609
         642         644         643         641
         637         636         644         642
         643         645         611         610
         644         646         645         643
         636         635         646         644
         645         647         612         611
         646         648         647         645
         635         634         648         646
         647         649         613         612
         648         650         649         647
         634         633         650         648
         649         651         614         613
         650         652         651         649
         633         632         652         650
         651         653         615         614
         652         654         653         651
         632         631         654         652
         653         655         616         615
         654         656         655         653
         631         630         656         654
         655         657         617         616
         656         658         657         655
         630         629         658         656
         657         659         618         617
         658         660         659         657
         629         628         660         658
         659         661         619         618
         660         662         661         659
         628         627         662         660
         661         663         620         619
         662         664         663         661
         627         626         664         662
         663         665         621         620
         664         666         665         663
         626         625         666         664
         665         667         622         621
         666         668         667         665
         625         624         668         666
         667         623         623         622
         668         623         623         667
         624         623         623         668
          18
          47          79
          79         111
         111         143
         143         175
         175         207
         207         239
         239         271
         271         303
         303         335
         335         367
         367         399
         399         431
         431         463
         463         495
         495         527
         527         559
         559         591
         591         623
