   6.38379366E-04  -1.29880151E-02
   1.74535736E-02 -0.835041881    
   5.15737757E-02  -1.12035143    
  0.102721103      -1.04082966    
  0.169931412     -0.935917139    
  0.250106931     -0.861108005    
  0.339816362     -0.800875843    
  0.435353369     -0.745390952    
  0.532751739     -0.684501648    
  0.627836466     -0.555098474    
  0.716618121     -0.363034338    
  0.795852721     -0.175609186    
  0.862903476      -3.97907058E-03
  0.915688276      0.154380932    
  0.955253720      0.321998894    
  0.984946787      0.278109193    
  0.985027313      0.170052707    
  0.955288947      0.325501025    
  0.915492058      0.294433355    
  0.862671316      0.238905296    
  0.796219826      0.156966478    
  0.718507230       5.44777811E-02
  0.632115245      -5.94617650E-02
  0.539785147     -0.136775747    
  0.444968015     -0.143672466    
  0.351668149     -0.122441851    
  0.263717324      -8.90701711E-02
  0.184647471      -3.85470800E-02
  0.117671855       4.44601066E-02
   6.53526783E-02  0.165916234    
   2.72083376E-02  0.330280632    
   4.01568785E-03  0.647237659    
   6.38379366E-04  -1.29880151E-02
