  -2.28719262E-04  0.269837797    
   8.66695680E-03 -0.364421695    
   2.86263358E-02 -0.846557200    
   6.07825890E-02  -1.00437081    
  0.105043605     -0.955660522    
  0.159722939     -0.899762332    
  0.223080799     -0.845263660    
  0.293322176     -0.795610607    
  0.368545026     -0.757997632    
  0.446759552     -0.725872397    
  0.525883198     -0.691166580    
  0.603716314     -0.611412525    
  0.678093612     -0.472138137    
  0.747187912     -0.316272885    
  0.809524834     -0.171839342    
  0.863804042      -3.89558338E-02
  0.908852696       8.58447254E-02
  0.943983078      0.200525045    
  0.970321536      0.364892691    
  0.990088701      0.311387092    
  0.990096807      0.181567073    
  0.970209897      0.292369038    
  0.943593681      0.270697057    
  0.908135951      0.270593941    
  0.862852931      0.229705691    
  0.808704376      0.165653437    
  0.747060061       8.13758671E-02
  0.679262877      -1.43615957E-02
  0.606697679     -0.111515276    
  0.530877113     -0.168842152    
  0.453701973     -0.169191331    
  0.377311230     -0.155474558    
  0.303715944     -0.140275136    
  0.234806716     -0.117019027    
  0.172368065      -7.54240379E-02
  0.118031077      -1.08759031E-02
   7.32658878E-02   9.05383080E-02
   3.89798172E-02  0.225279182    
   1.46474112E-02  0.432262152    
   1.38580159E-03  0.675302088    
  -2.28719262E-04  0.269837797    
