  -5.69048687E-04  0.170256406    
   8.21041316E-03 -0.492792457    
   2.80540250E-02 -0.970013499    
   6.01068884E-02  -1.10490477    
  0.104280502      -1.03121984    
  0.158888549     -0.957795322    
  0.222192600     -0.891058743    
  0.292398989     -0.831834316    
  0.367606759     -0.785901129    
  0.445827812     -0.746289313    
  0.524981976     -0.704938948    
  0.602874041     -0.619016647    
  0.677337468     -0.474011451    
  0.746534348     -0.314061791    
  0.808976471     -0.167701066    
  0.863353074      -3.45923528E-02
  0.908484340       8.95003527E-02
  0.943679869      0.203234509    
  0.970067263      0.365362346    
  0.989871562      0.314503044    
  0.989901423      0.192460611    
  0.970021129      0.297425658    
  0.943401515      0.275955766    
  0.907944977      0.276210934    
  0.862682462      0.237047076    
  0.808578610      0.175469607    
  0.746998310       9.42245126E-02
  0.679274976       1.87525398E-03
  0.606781363      -9.17723104E-02
  0.531013548     -0.146525577    
  0.453865051     -0.145428076    
  0.377480894     -0.130146503    
  0.303876847     -0.112352058    
  0.234944105      -8.50751847E-02
  0.172468618      -3.88145112E-02
  0.118083201       3.01470160E-02
   7.32604414E-02  0.135696709    
   3.89111303E-02  0.275282711    
   1.45074744E-02  0.480123729    
   1.15443324E-03  0.652597785    
  -5.69048687E-04  0.170256406    
