 -0.988020658      0.335502982    
 -0.960173190      0.465787292    
 -0.923027754      0.540684044    
 -0.873476744      0.584436536    
 -0.809610784      0.606945276    
 -0.731893897      0.615009069    
 -0.641666353      0.613410890    
 -0.540477812      0.604680896    
 -0.430061162      0.589547396    
 -0.312304109      0.567544580    
 -0.189218536      0.537330389    
  -6.29064515E-02  0.497279882    
   6.29080534E-02  0.496839732    
  0.189219981      0.536788583    
  0.312305391      0.567036271    
  0.430062234      0.589078069    
  0.540478766      0.604227483    
  0.641667187      0.612916291    
  0.731894493      0.614414632    
  0.809611320      0.606186450    
  0.873477042      0.583524466    
  0.923027933      0.539571762    
  0.960173368      0.464731872    
  0.988020778      0.334729224    
