   1.89010222E-02 -0.648630202    
  0.102203824      -1.23947752    
  0.230512336     -0.975694537    
  0.392851233     -0.838960052    
  0.568674922     -0.642781138    
  0.729439914     -0.277195960    
  0.856841326      0.197604448    
  0.951906323      0.289619684    
  0.951611042      0.261153698    
  0.856221557      0.352357149    
  0.730165780       7.93357939E-02
  0.573153257     -0.114953406    
  0.401766360     -0.158334211    
  0.242731959      -8.18808898E-02
  0.115513094       3.38589884E-02
   2.53859330E-02  0.491095185    
   1.89010222E-02 -0.648630202    
