   2.01434866E-02 -0.496872813    
  0.103771202      -1.06739950    
  0.232214689     -0.869330883    
  0.394571066     -0.778128564    
  0.570267439     -0.615597367    
  0.730773330     -0.273036450    
  0.857888341      0.186956406    
  0.952721179      0.277764082    
  0.952328682      0.246734485    
  0.856913090      0.334404081    
  0.730745852       6.00823201E-02
  0.573588729     -0.135082155    
  0.402147353     -0.178113371    
  0.243171319     -0.104109086    
  0.116082057      -2.58219265E-03
   2.62055993E-02  0.422799557    
   2.01434866E-02 -0.496872813    
