   2.19922494E-02 -0.652286649    
  0.104768679      -1.21382701    
  0.232734397     -0.944501340    
  0.394831896     -0.798062325    
  0.570581436     -0.600003600    
  0.731461883     -0.242288649    
  0.859058499      0.227876961    
  0.954292834      0.301483512    
  0.954117119      0.265359193    
  0.858889163      0.352044970    
  0.733146131       7.69833550E-02
  0.576537430     -0.118171602    
  0.405462533     -0.165728495    
  0.246575966      -9.35897902E-02
  0.119372353       2.23785527E-02
   2.90655121E-02  0.462575048    
   2.19922494E-02 -0.652286649    
