   7.82592513E-04 -0.560799897    
   1.79545060E-02  -1.36195064    
   5.23789935E-02  -1.48304594    
  0.103773087      -1.27106273    
  0.171183258      -1.09253740    
  0.251506388     -0.978887200    
  0.341300994     -0.895544291    
  0.436851203     -0.824941516    
  0.534182429     -0.750220656    
  0.629104614     -0.603759050    
  0.717643082     -0.397795379    
  0.796605527     -0.200792149    
  0.863402665      -2.21545044E-02
  0.915980697      0.139627665    
  0.955389977      0.307589948    
  0.984965324      0.290285051    
  0.984974444      0.112123385    
  0.955220103      0.311174154    
  0.915423572      0.288980395    
  0.862543762      0.242142469    
  0.795955181      0.170831516    
  0.718042731       8.18670765E-02
  0.631430864      -1.44387512E-02
  0.538923562      -6.76270127E-02
  0.444008857      -5.20355701E-02
  0.350680768      -8.88551772E-03
  0.262756467       4.85430136E-02
  0.183759600      0.123617798    
  0.116896823      0.229885086    
   6.47206903E-02  0.368167102    
   2.67462730E-02  0.527546406    
   3.80563876E-03  0.535278499    
   7.82592513E-04 -0.560799897    
