   8.03161820E-05 -0.936224878    
   1.70614924E-02  -1.76870978    
   5.13243750E-02  -1.81060767    
  0.102591038      -1.50259936    
  0.169902727      -1.25408936    
  0.250158966      -1.09097540    
  0.339922190     -0.969999909    
  0.435482204     -0.868928552    
  0.532867789     -0.769662619    
  0.627896070     -0.603775382    
  0.716584384     -0.385478258    
  0.795710921     -0.183863506    
  0.862659335      -5.43376058E-03
  0.915360212      0.154537112    
  0.954862893      0.320781827    
  0.984508336      0.307088494    
  0.984557629      0.132518113    
  0.954805732      0.320010096    
  0.915002704      0.299936414    
  0.862146437      0.256937742    
  0.795621455      0.191639245    
  0.717805326      0.110496193    
  0.631298661       2.27193739E-02
  0.538871169      -2.41298117E-02
  0.443992525      -5.33365831E-03
  0.350662887       4.02934998E-02
  0.262707889      0.100733884    
  0.183655471      0.179721773    
  0.116717815      0.290684402    
   6.44537359E-02  0.432169497    
   2.63763946E-02  0.579951584    
   3.29277688E-03  0.423559844    
   8.03161820E-05 -0.936224878    
