   1.96105847E-03  -1.01312017    
   1.86766293E-02  -1.86684024    
   5.27118891E-02  -1.89830554    
  0.103778668      -1.56795442    
  0.170915499      -1.29912043    
  0.251023382      -1.11786282    
  0.340676427     -0.982805014    
  0.436173975     -0.872525632    
  0.533550322     -0.768085122    
  0.628637731     -0.597607136    
  0.717444777     -0.371779382    
  0.796715140     -0.161013216    
  0.863801301       2.60826536E-02
  0.916615307      0.193106979    
  0.956207454      0.366098225    
  0.985915303      0.346632719    
  0.986010075      0.165021643    
  0.956294060      0.338109970    
  0.916502297      0.305764943    
  0.863722861      0.249754652    
  0.797330916      0.171553731    
  0.719695628       8.20135400E-02
  0.633392155      -8.29159375E-03
  0.541145086      -5.48576713E-02
  0.446385384      -3.51032577E-02
  0.353132963       1.25488024E-02
  0.265211076       7.67329037E-02
  0.186154291      0.162786707    
  0.119178422      0.285403609    
   6.68478534E-02  0.440528065    
   2.86755767E-02  0.599249184    
   5.43267652E-03  0.423773944    
   1.96105847E-03  -1.01312017    
