 -0.979526103      0.621266067    
 -0.932059646      0.824614048    
 -0.868737519      0.916040659    
 -0.784259677      0.949817836    
 -0.676577091      0.950001776    
 -0.548382640      0.929061592    
 -0.403584063      0.891877949    
 -0.246576652      0.837745368    
  -8.21177140E-02  0.763050139    
   8.21211711E-02  0.763738811    
  0.246579736      0.839537740    
  0.403586626      0.894583702    
  0.548384726      0.932201385    
  0.676578701      0.952910423    
  0.784260929      0.952299893    
  0.868738413      0.917676866    
  0.932060778      0.825282454    
  0.979526818      0.621483564    
