   1.96105847E-03  -2.47828960    
   1.86766293E-02  -3.20055699    
   5.27118891E-02  -2.85518551    
  0.103778668      -2.20473289    
  0.170915499      -1.73791397    
  0.251023382      -1.43214881    
  0.340676427      -1.21070719    
  0.436173975      -1.03894901    
  0.533550322     -0.887475252    
  0.628637731     -0.673468530    
  0.717444777     -0.412726074    
  0.796715140     -0.176922321    
  0.863801301       3.00722681E-02
  0.916615307      0.211360440    
  0.956207454      0.394230038    
  0.985915303      0.385759830    
  0.986010075      0.142617524    
  0.956294060      0.359724134    
  0.916502297      0.327381760    
  0.863722861      0.272563219    
  0.797330916      0.199265063    
  0.719695628      0.122618936    
  0.633392155       5.45752421E-02
  0.541145086       3.56804989E-02
  0.446385384       7.81913474E-02
  0.353132963      0.146449819    
  0.265211076      0.232628077    
  0.186154291      0.341536254    
  0.119178422      0.479988396    
   6.68478534E-02  0.617156565    
   2.86755767E-02  0.634932876    
   5.43267652E-03 -0.261318177    
   1.96105847E-03  -2.47828960    
