   8.03161820E-05  -2.24412370    
   1.70614924E-02  -3.00122428    
   5.13243750E-02  -2.71665382    
  0.102591038      -2.12031889    
  0.169902727      -1.69428587    
  0.250158966      -1.42011976    
  0.339922190      -1.21908748    
  0.435482204      -1.05824149    
  0.532867789     -0.911619067    
  0.627896070     -0.699562907    
  0.716584384     -0.440373868    
  0.795710921     -0.205862001    
  0.862659335      -3.65929969E-04
  0.915360212      0.179709449    
  0.954862893      0.361992687    
  0.984508336      0.365534246    
  0.984557629      0.126708388    
  0.954805732      0.364095718    
  0.915002704      0.342728525    
  0.862146437      0.299538493    
  0.795621455      0.236616328    
  0.717805326      0.163748741    
  0.631298661       9.28613096E-02
  0.538871169       6.98694065E-02
  0.443992525      0.109134957    
  0.350662887      0.173797593    
  0.262707889      0.256958783    
  0.183655471      0.362355411    
  0.116717815      0.495302171    
   6.44537359E-02  0.631132007    
   2.63763946E-02  0.669697523    
   3.29277688E-03 -0.125486061    
   8.03161820E-05  -2.24412370    
