   7.82592513E-04  -1.51594412    
   1.79545060E-02  -2.29621649    
   5.23789935E-02  -2.17761183    
  0.103773087      -1.74642849    
  0.171183258      -1.43185198    
  0.251506388      -1.23193157    
  0.341300994      -1.08544135    
  0.436851203     -0.967878461    
  0.534182429     -0.856044173    
  0.629104614     -0.673066139    
  0.717643082     -0.434721887    
  0.796605527     -0.211064786    
  0.863402665      -9.84523632E-03
  0.915980697      0.168884486    
  0.955389977      0.350611955    
  0.984965324      0.355459481    
  0.984974444      0.108947039    
  0.955220103      0.353592932    
  0.915423572      0.330961287    
  0.862543762      0.284498751    
  0.795955181      0.216248259    
  0.718042731      0.136257052    
  0.631430864       5.71217574E-02
  0.538923562       2.73010414E-02
  0.444008857       6.17481507E-02
  0.350680768      0.121089987    
  0.262756467      0.197519571    
  0.183759600      0.296249211    
  0.116896823      0.426505983    
   6.47206903E-02  0.573620260    
   2.67462730E-02  0.679269612    
   3.80563876E-03  0.213754028    
   7.82592513E-04  -1.51594412    
