 -0.979526103      0.847072124    
 -0.932059646       1.12823534    
 -0.868737519       1.25458360    
 -0.784259677       1.29960084    
 -0.676577091       1.29682028    
 -0.548382640       1.26448834    
 -0.403584063       1.20950639    
 -0.246576652       1.13181829    
  -8.21177140E-02   1.02774501    
   8.21211711E-02   1.02730227    
  0.246579736       1.13130641    
  0.403586626       1.20903337    
  0.548384726       1.26397872    
  0.676578701       1.29625952    
  0.784260929       1.29887486    
  0.868738413       1.25359309    
  0.932060778       1.12703526    
  0.979526818      0.845974565    
