   8.03161820E-05 -0.391491652    
   1.70614924E-02  -1.25359714    
   5.13243750E-02  -1.44548011    
  0.102591038      -1.26742077    
  0.169902727      -1.09892941    
  0.250158966     -0.984263778    
  0.339922190     -0.895386219    
  0.435482204     -0.817764521    
  0.532867789     -0.738157749    
  0.627896070     -0.590359747    
  0.716584384     -0.384007573    
  0.795710921     -0.187138617    
  0.862659335      -8.72434303E-03
  0.915360212      0.153988868    
  0.954862893      0.324292123    
  0.984508336      0.291651309    
  0.984557629      0.147215098    
  0.954805732      0.328054488    
  0.915002704      0.300853252    
  0.862146437      0.249622703    
  0.795621455      0.173407495    
  0.717805326       7.87830204E-02
  0.631298661      -2.46545039E-02
  0.538871169      -8.83670747E-02
  0.443992525      -8.29953998E-02
  0.350662887      -4.94842678E-02
  0.262707889      -1.15096313E-03
  0.183655471       6.70922250E-02
  0.116717815      0.170236379    
   6.44537359E-02  0.312308371    
   2.63763946E-02  0.490173519    
   3.29277688E-03  0.614398718    
   8.03161820E-05 -0.391491652    
