   7.82592513E-04 -0.155675054    
   1.79545060E-02 -0.964514673    
   5.23789935E-02  -1.19747472    
  0.103773087      -1.08497441    
  0.171183258     -0.968000770    
  0.251506388     -0.891244769    
  0.341300994     -0.832303047    
  0.436851203     -0.780092001    
  0.534182429     -0.721723795    
  0.629104614     -0.591100633    
  0.717643082     -0.395681471    
  0.796605527     -0.202641696    
  0.863402665      -2.37299688E-02
  0.915980697      0.140729159    
  0.955389977      0.312699527    
  0.984965324      0.279535264    
  0.984974444      0.128756389    
  0.955220103      0.317455947    
  0.915423572      0.288505197    
  0.862543762      0.233728483    
  0.795955181      0.152038574    
  0.718042731       5.07345349E-02
  0.631430864      -5.92116453E-02
  0.538923562     -0.126831025    
  0.444008857     -0.122730993    
  0.350680768      -9.03836936E-02
  0.262756467      -4.44619469E-02
  0.183759600       1.98688451E-02
  0.116896823      0.117014684    
   6.47206903E-02  0.250219107    
   2.67462730E-02  0.420008659    
   3.80563876E-03  0.641430259    
   7.82592513E-04 -0.155675054    
