   1.96105847E-03 -0.432311952    
   1.86766293E-02  -1.30238700    
   5.27118891E-02  -1.48737454    
  0.103778668      -1.29641986    
  0.170915499      -1.11377847    
  0.251023382     -0.984341383    
  0.340676427     -0.884571910    
  0.436173975     -0.800876856    
  0.533550322     -0.718764007    
  0.628637731     -0.570371389    
  0.717444777     -0.362730503    
  0.796715140     -0.163492501    
  0.863801301       1.77272633E-02
  0.916615307      0.182987899    
  0.956207454      0.355944753    
  0.985915303      0.316553503    
  0.986010075      0.171566859    
  0.956294060      0.339219451    
  0.916502297      0.302908212    
  0.863722861      0.242443055    
  0.797330916      0.157901973    
  0.719695628       5.92285991E-02
  0.633392155      -4.37688380E-02
  0.541145086     -0.106303617    
  0.446385384     -0.100610703    
  0.353132963      -6.68492094E-02
  0.265211076      -1.87412277E-02
  0.186154291       5.02299666E-02
  0.119178422      0.158254161    
   6.68478534E-02  0.308194429    
   2.86755767E-02  0.493397474    
   5.43267652E-03  0.609971881    
   1.96105847E-03 -0.432311952    
