 -0.979526103      0.507767141    
 -0.932059646      0.672144949    
 -0.868737519      0.746552348    
 -0.784259677      0.774980247    
 -0.676577091      0.776818693    
 -0.548382640      0.761758089    
 -0.403584063      0.733177543    
 -0.246576652      0.690343440    
  -8.21177140E-02  0.629843116    
   8.21211711E-02  0.630106926    
  0.246579736      0.691116095    
  0.403586626      0.734423757    
  0.548384726      0.763138533    
  0.676578701      0.778130174    
  0.784260929      0.775994360    
  0.868738413      0.746926725    
  0.932060778      0.672022760    
  0.979526818      0.507476866    
