   8.03161820E-05  0.252085090    
   1.70614924E-02 -0.578310847    
   5.13243750E-02 -0.949542284    
  0.102591038     -0.944380581    
  0.169902727     -0.886669517    
  0.250158966     -0.840003431    
  0.339922190     -0.795832098    
  0.435482204     -0.751041353    
  0.532867789     -0.699974775    
  0.627896070     -0.578950763    
  0.716584384     -0.389869094    
  0.795710921     -0.198927045    
  0.862659335      -1.88129321E-02
  0.915360212      0.149714708    
  0.954862893      0.328071654    
  0.984508336      0.258983314    
  0.984557629      0.162459657    
  0.954805732      0.337848783    
  0.915002704      0.297987938    
  0.862146437      0.232831895    
  0.795621455      0.138363957    
  0.717805326       2.15408504E-02
  0.631298661     -0.107341588    
  0.538871169     -0.198997244    
  0.443992525     -0.217153609    
  0.350662887     -0.206999451    
  0.262707889     -0.184335172    
  0.183655471     -0.141928226    
  0.116717815      -6.50369376E-02
   6.44537359E-02   5.12236916E-02
   2.63763946E-02  0.211775720    
   3.29277688E-03  0.684955597    
   8.03161820E-05  0.252085090    
