   7.82592513E-04  0.330482185    
   1.79545060E-02 -0.434509486    
   5.23789935E-02 -0.802744150    
  0.103773087     -0.824168801    
  0.171183258     -0.793089807    
  0.251506388     -0.768144011    
  0.341300994     -0.742982626    
  0.436851203     -0.716586769    
  0.534182429     -0.682325006    
  0.629104614     -0.575849116    
  0.717643082     -0.396527350    
  0.796605527     -0.209162667    
  0.863402665      -2.89795473E-02
  0.915980697      0.140586317    
  0.955389977      0.319935590    
  0.984965324      0.256738216    
  0.984974444      0.149941951    
  0.955220103      0.326310009    
  0.915423572      0.285570741    
  0.862543762      0.217726409    
  0.795955181      0.119274288    
  0.718042731      -1.55799137E-03
  0.631430864     -0.132741958    
  0.538923562     -0.223244324    
  0.444008857     -0.238436416    
  0.350680768     -0.226060465    
  0.262756467     -0.203292757    
  0.183759600     -0.162644356    
  0.116896823      -8.99580717E-02
   6.47206903E-02   1.61449313E-02
   2.67462730E-02  0.156221837    
   3.80563876E-03  0.646659136    
   7.82592513E-04  0.330482185    
