   1.96105847E-03  0.226527661    
   1.86766293E-02 -0.577250063    
   5.27118891E-02 -0.932998419    
  0.103778668     -0.921154559    
  0.170915499     -0.853780031    
  0.251023382     -0.794270396    
  0.340676427     -0.742345691    
  0.436173975     -0.695585012    
  0.533550322     -0.645531416    
  0.628637731     -0.529830456    
  0.717444777     -0.349734366    
  0.796715140     -0.167796254    
  0.863801301       5.54910162E-03
  0.916615307      0.169375092    
  0.956207454      0.343149185    
  0.985915303      0.265207708    
  0.986010075      0.177696273    
  0.956294060      0.343201160    
  0.916502297      0.299567938    
  0.863722861      0.231335536    
  0.797330916      0.136306077    
  0.719695628       2.34613717E-02
  0.633392155      -9.90649611E-02
  0.541145086     -0.187199950    
  0.446385384     -0.205218345    
  0.353132963     -0.196351960    
  0.265211076     -0.179191202    
  0.186154291     -0.146243736    
  0.119178422      -7.62284696E-02
   6.68478534E-02   3.69986966E-02
   2.86755767E-02  0.193458796    
   5.43267652E-03  0.648976564    
   1.96105847E-03  0.226527661    
