 -0.979526103      0.336166084    
 -0.932059646      0.441819578    
 -0.868737519      0.490556479    
 -0.784259677      0.511295557    
 -0.676577091      0.515785277    
 -0.548382640      0.509566665    
 -0.403584063      0.494100600    
 -0.246576652      0.468241543    
  -8.21177140E-02  0.428977668    
   8.21211711E-02  0.428087294    
  0.246579736      0.466650635    
  0.403586626      0.491991818    
  0.548384726      0.507166982    
  0.676578701      0.513512790    
  0.784260929      0.509311974    
  0.868738413      0.488965660    
  0.932060778      0.440592527    
  0.979526818      0.335229486    
