   1.96105847E-03  -1.68240345    
   1.86766293E-02  -2.50383019    
   5.27118891E-02  -2.36918211    
  0.103778668      -1.88920164    
  0.170915499      -1.52507114    
  0.251023382      -1.28185248    
  0.340676427      -1.10291827    
  0.436173975     -0.961567879    
  0.533550322     -0.833844721    
  0.628637731     -0.641963482    
  0.717444777     -0.398807526    
  0.796715140     -0.174907386    
  0.863801301       2.38978900E-02
  0.916615307      0.200304359    
  0.956207454      0.380440116    
  0.985915303      0.361005962    
  0.986010075      0.149785787    
  0.956294060      0.351833850    
  0.916502297      0.317949712    
  0.863722861      0.261087239    
  0.797330916      0.183956921    
  0.719695628      0.100105703    
  0.633392155       2.08053924E-02
  0.541145086      -1.18056051E-02
  0.446385384       1.95986796E-02
  0.353132963       7.79403970E-02
  0.265211076      0.153922111    
  0.186154291      0.253765106    
  0.119178422      0.389975369    
   6.68478534E-02  0.547112823    
   2.86755767E-02  0.658058405    
   5.43267652E-03  0.154935271    
   1.96105847E-03  -1.68240345    
