   7.82592513E-04 -0.990049601    
   1.79545060E-02  -1.81294310    
   5.23789935E-02  -1.83381033    
  0.103773087      -1.51988328    
  0.171183258      -1.27624917    
  0.251506388      -1.11985290    
  0.341300994      -1.00383377    
  0.436851203     -0.908723354    
  0.534182429     -0.815071940    
  0.629104614     -0.649515629    
  0.717643082     -0.425042003    
  0.796605527     -0.210971534    
  0.863402665      -1.65064670E-02
  0.915980697      0.158143446    
  0.955389977      0.337299764    
  0.984965324      0.329616904    
  0.984974444      0.114152610    
  0.955220103      0.340711325    
  0.915423572      0.315770686    
  0.862543762      0.266271591    
  0.795955181      0.193251699    
  0.718042731      0.105962843    
  0.631430864       1.65907778E-02
  0.538923562      -2.53605954E-02
  0.444008857      -2.30225734E-04
  0.350680768       5.11678234E-02
  0.262756467      0.119054303    
  0.183759600      0.209069148    
  0.116896823      0.333349705    
   6.47206903E-02  0.485690713    
   2.67462730E-02  0.636058688    
   3.80563876E-03  0.436294615    
   7.82592513E-04 -0.990049601    
