   8.03161820E-05  -1.52525723    
   1.70614924E-02  -2.36200809    
   5.13243750E-02  -2.26678300    
  0.102591038      -1.82539368    
  0.169902727      -1.49247789    
  0.250158966      -1.27506495    
  0.339922190      -1.11334133    
  0.435482204     -0.981258035    
  0.532867789     -0.857537150    
  0.627896070     -0.666996717    
  0.716584384     -0.425025582    
  0.795710921     -0.202431649    
  0.862659335      -5.23222610E-03
  0.915360212      0.169786260    
  0.954862893      0.348893970    
  0.984508336      0.340246052    
  0.984557629      0.132020086    
  0.954805732      0.351389498    
  0.915002704      0.327798337    
  0.862146437      0.281633586    
  0.795621455      0.213964045    
  0.717805326      0.133645207    
  0.631298661       5.20009100E-02
  0.538871169       1.60390027E-02
  0.443992525       4.50291485E-02
  0.350662887      0.100739703    
  0.262707889      0.174559414    
  0.183655471      0.271432340    
  0.116717815      0.401477158    
   6.44537359E-02  0.553144813    
   2.63763946E-02  0.670757890    
   3.29277688E-03  0.232109100    
   8.03161820E-05  -1.52525723    
