 -0.979526103      0.734879315    
 -0.932059646      0.977337718    
 -0.868737519       1.08646417    
 -0.784259677       1.12603927    
 -0.676577091       1.12472260    
 -0.548382640       1.09808385    
 -0.403584063       1.05185330    
 -0.246576652      0.985748351    
  -8.21177140E-02  0.896074057    
   8.21211711E-02  0.895797431    
  0.246579736      0.985546947    
  0.403586626       1.05184674    
  0.548384726       1.09812474    
  0.676578701       1.12470174    
  0.784260929       1.12575853    
  0.868738413       1.08591235    
  0.932060778      0.976507008    
  0.979526818      0.734035611    
