   8.03161820E-05  0.589483142    
   1.70614924E-02  -3.60508412E-02
   5.13243750E-02 -0.467263222    
  0.102591038     -0.580065429    
  0.169902727     -0.608763337    
  0.250158966     -0.621275663    
  0.339922190     -0.622271061    
  0.435482204     -0.612887204    
  0.532867789     -0.591383457    
  0.627896070     -0.500894189    
  0.716584384     -0.339333624    
  0.795710921     -0.169694379    
  0.862659335      -6.35089120E-03
  0.915360212      0.150016904    
  0.954862893      0.318472892    
  0.984508336      0.232549384    
  0.984557629      0.187409669    
  0.954805732      0.328520089    
  0.915002704      0.286717057    
  0.862146437      0.218469530    
  0.795621455      0.118253663    
  0.717805326      -9.11207683E-03
  0.631298661     -0.155164585    
  0.538871169     -0.270676821    
  0.443992525     -0.311575562    
  0.350662887     -0.325167477    
  0.262707889     -0.333023518    
  0.183655471     -0.331438512    
  0.116717815     -0.309995443    
   6.44537359E-02 -0.270073295    
   2.63763946E-02 -0.227864861    
   3.29277688E-03  0.413989276    
   8.03161820E-05  0.589483142    
