   1.96105847E-03  0.582073629    
   1.86766293E-02  -1.29162846E-02
   5.27118891E-02 -0.436083198    
  0.103778668     -0.550848424    
  0.170915499     -0.577401876    
  0.251023382     -0.582772553    
  0.340676427     -0.579054892    
  0.436173975     -0.568978429    
  0.533550322     -0.548956990    
  0.628637731     -0.463490158    
  0.717444777     -0.309470594    
  0.796715140     -0.146421969    
  0.863801301       1.26991058E-02
  0.916615307      0.166532189    
  0.956207454      0.332631648    
  0.985915303      0.241401225    
  0.986010075      0.205826789    
  0.956294060      0.340558052    
  0.916502297      0.295636058    
  0.863722861      0.225138053    
  0.797330916      0.124635763    
  0.719695628       1.38253090E-04
  0.633392155     -0.141650721    
  0.541145086     -0.255630493    
  0.446385384     -0.298100799    
  0.353132963     -0.315121531    
  0.265211076     -0.330942720    
  0.186154291     -0.341870010    
  0.119178422     -0.331602365    
   6.68478534E-02 -0.300655067    
   2.86755767E-02 -0.272187889    
   5.43267652E-03  0.364858657    
   1.96105847E-03  0.582073629    
