   7.82592513E-04  0.588220596    
   1.79545060E-02  -1.78667717E-04
   5.23789935E-02 -0.413646936    
  0.103773087     -0.529280663    
  0.171183258     -0.567267478    
  0.251506388     -0.589796305    
  0.341300994     -0.601081491    
  0.436851203     -0.603173375    
  0.534182429     -0.592922211    
  0.629104614     -0.511818767    
  0.717643082     -0.355524302    
  0.796605527     -0.186250344    
  0.863402665      -2.05449332E-02
  0.915980697      0.138483092    
  0.955389977      0.309163570    
  0.984965324      0.226956248    
  0.984974444      0.172925517    
  0.955220103      0.316626519    
  0.915423572      0.273678064    
  0.862543762      0.202678502    
  0.795955181       9.86128896E-02
  0.718042731      -3.21554951E-02
  0.631430864     -0.179016545    
  0.538923562     -0.290901363    
  0.444008857     -0.325579166    
  0.350680768     -0.332566977    
  0.262756467     -0.334358364    
  0.183759600     -0.326802433    
  0.116896823     -0.299952865    
   6.47206903E-02 -0.257920444    
   2.67462730E-02 -0.220426515    
   3.80563876E-03  0.398634702    
   7.82592513E-04  0.588220596    
