 -0.979526103      0.162976712    
 -0.932059646      0.209272131    
 -0.868737519      0.231582448    
 -0.784259677      0.243867964    
 -0.676577091      0.250608265    
 -0.548382640      0.253196031    
 -0.403584063      0.251265794    
 -0.246576652      0.243216753    
  -8.21177140E-02  0.226229429    
   8.21211711E-02  0.225880086    
  0.246579736      0.242659122    
  0.403586626      0.250609934    
  0.548384726      0.252526671    
  0.676578701      0.250014037    
  0.784260929      0.243355319    
  0.868738413      0.231159344    
  0.932060778      0.208918929    
  0.979526818      0.162687346    
