   2.01434866E-02  0.251938581    
  0.103771202     -0.482161880    
  0.232214689     -0.521516621    
  0.394571066     -0.557095587    
  0.570267439     -0.493738443    
  0.730773330     -0.232556090    
  0.857888341      0.186639875    
  0.952721179      0.237676293    
  0.952328682      0.257144094    
  0.856913090      0.316425025    
  0.730745852       6.43855380E-03
  0.573588729     -0.253985196    
  0.402147353     -0.378713965    
  0.243171319     -0.393130898    
  0.116082057     -0.447434992    
   2.62055993E-02 -0.164818183    
   2.01434866E-02  0.251938581    
