   2.19922494E-02  0.289100945    
  0.104768679     -0.473182589    
  0.232734397     -0.514942467    
  0.394831896     -0.535066187    
  0.570581436     -0.458952993    
  0.731461883     -0.196335062    
  0.859058499      0.224072009    
  0.954292834      0.260388851    
  0.954117119      0.285633296    
  0.858889163      0.350520641    
  0.733146131       3.87859270E-02
  0.576537430     -0.228674382    
  0.405462533     -0.375692546    
  0.246575966     -0.421306789    
  0.119372353     -0.510347605    
   2.90655121E-02 -0.247483268    
   2.19922494E-02  0.289100945    
