   1.89010222E-02  0.276062965    
  0.102203824     -0.518500805    
  0.230512336     -0.552285016    
  0.392851233     -0.573838592    
  0.568674922     -0.496739864    
  0.729439914     -0.225745901    
  0.856841326      0.200430393    
  0.951906323      0.250126690    
  0.951611042      0.272330880    
  0.856221557      0.333881259    
  0.730165780       2.14976929E-02
  0.573153257     -0.246436790    
  0.401766360     -0.385614365    
  0.242731959     -0.417811602    
  0.115513094     -0.492574155    
   2.53859330E-02 -0.195445597    
   1.89010222E-02  0.276062965    
