   8.03161820E-05  -1.19809234    
   1.70614924E-02  -2.06588459    
   5.13243750E-02  -2.05831885    
  0.102591038      -1.68981314    
  0.169902727      -1.40097690    
  0.250158966      -1.21030903    
  0.339922190      -1.06680810    
  0.435482204     -0.948094487    
  0.532867789     -0.835250735    
  0.627896070     -0.654894710    
  0.716584384     -0.420612156    
  0.795710921     -0.202708602    
  0.862659335      -8.16599187E-03
  0.915360212      0.165723085    
  0.954862893      0.344545841    
  0.984508336      0.328385562    
  0.984557629      0.135331616    
  0.954805732      0.348112553    
  0.915002704      0.322576880    
  0.862146437      0.274033010    
  0.795621455      0.202935547    
  0.717805326      0.117869042    
  0.631298661       3.00122164E-02
  0.538871169      -1.31099476E-02
  0.443992525       1.01852957E-02
  0.350662887       6.08296990E-02
  0.262707889      0.129455999    
  0.183655471      0.221661896    
  0.116717815      0.349404991    
   6.44537359E-02  0.506294370    
   2.63763946E-02  0.654551208    
   3.29277688E-03  0.380372584    
   8.03161820E-05  -1.19809234    
