   7.82592513E-04 -0.749255896    
   1.79545060E-02  -1.58761668    
   5.23789935E-02  -1.67344236    
  0.103773087      -1.41492438    
  0.171183258      -1.20497310    
  0.251506388      -1.06901562    
  0.341300994     -0.967000425    
  0.436851203     -0.882327259    
  0.534182429     -0.797450304    
  0.629104614     -0.640384793    
  0.717643082     -0.422275871    
  0.796605527     -0.211980581    
  0.863402665      -1.95799377E-02
  0.915980697      0.154285610    
  0.955389977      0.333427310    
  0.984965324      0.318640530    
  0.984974444      0.117987365    
  0.955220103      0.337328911    
  0.915423572      0.310398757    
  0.862543762      0.258517295    
  0.795955181      0.182119489    
  0.718042731       9.02996957E-02
  0.631430864      -4.76499787E-03
  0.538923562      -5.31743616E-02
  0.444008857      -3.30968089E-02
  0.350680768       1.37977367E-02
  0.262756467       7.68476427E-02
  0.183759600      0.162169620    
  0.116896823      0.282979131    
   6.47206903E-02  0.436201572    
   2.67462730E-02  0.602837026    
   3.80563876E-03  0.526691496    
   7.82592513E-04 -0.749255896    
