   1.96105847E-03  -1.32403898    
   1.86766293E-02  -2.17968750    
   5.27118891E-02  -2.13990903    
  0.103778668      -1.73947585    
  0.170915499      -1.42366862    
  0.251023382      -1.20974731    
  0.340676427      -1.05075431    
  0.436173975     -0.923933685    
  0.533550322     -0.807847202    
  0.628637731     -0.627069294    
  0.717444777     -0.392879248    
  0.796715140     -0.174932420    
  0.863801301       2.01495364E-02
  0.916615307      0.194643557    
  0.956207454      0.373873085    
  0.985915303      0.347507626    
  0.986010075      0.153166741    
  0.956294060      0.349328816    
  0.916502297      0.314301729    
  0.863722861      0.255996406    
  0.797330916      0.176511943    
  0.719695628       8.87111872E-02
  0.633392155       3.52445105E-03
  0.541145086      -3.63755971E-02
  0.446385384      -1.10782962E-02
  0.353132963       4.15756702E-02
  0.265211076      0.111365020    
  0.186154291      0.205167904    
  0.119178422      0.337950051    
   6.68478534E-02  0.500390649    
   2.86755767E-02  0.645532548    
   5.43267652E-03  0.320405632    
   1.96105847E-03  -1.32403898    
