 -0.979526103      0.678453326    
 -0.932059646      0.901535511    
 -0.868737519       1.00206602    
 -0.784259677       1.03890991    
 -0.676577091       1.03841710    
 -0.548382640       1.01467872    
 -0.403584063      0.972855687    
 -0.246576652      0.912420630    
  -8.21177140E-02  0.829951227    
   8.21211711E-02  0.829680085    
  0.246579736      0.912198484    
  0.403586626      0.972707152    
  0.548384726       1.01457417    
  0.676578701       1.03825092    
  0.784260929       1.03852952    
  0.868738413       1.00144160    
  0.932060778      0.900696278    
  0.979526818      0.677651465    
