   1.96105847E-03  0.378412902    
   1.86766293E-02 -0.370117098    
   5.27118891E-02 -0.759272754    
  0.103778668     -0.795506895    
  0.170915499     -0.762098134    
  0.251023382     -0.725124955    
  0.340676427     -0.689511299    
  0.436173975     -0.655148387    
  0.533550322     -0.615358353    
  0.628637731     -0.509990156    
  0.717444777     -0.338727057    
  0.796715140     -0.162947834    
  0.863801301       6.19462319E-03
  0.916615307      0.167419061    
  0.956207454      0.339356393    
  0.985915303      0.254517049    
  0.986010075      0.184755772    
  0.956294060      0.342488706    
  0.916502297      0.297896713    
  0.863722861      0.228439525    
  0.797330916      0.131175429    
  0.719695628       1.42783709E-02
  0.633392155     -0.114647299    
  0.541145086     -0.211352378    
  0.446385384     -0.237433255    
  0.353132963     -0.237115681    
  0.265211076     -0.230809629    
  0.186154291     -0.211858571    
  0.119178422     -0.159782156    
   6.68478534E-02  -6.95077181E-02
   2.86755767E-02   5.46666272E-02
   5.43267652E-03  0.587952256    
   1.96105847E-03  0.378412902    
