   7.82592513E-04  0.441830337    
   1.79545060E-02 -0.277103573    
   5.23789935E-02 -0.669989586    
  0.103773087     -0.727473319    
  0.171183258     -0.721596658    
  0.251506388     -0.713281453    
  0.341300994     -0.700269997    
  0.436851203     -0.683281839    
  0.534182429     -0.657156110    
  0.629104614     -0.559152603    
  0.717643082     -0.386981666    
  0.796605527     -0.204624265    
  0.863402665      -2.79137436E-02
  0.915980697      0.139520794    
  0.955389977      0.317428976    
  0.984965324      0.246377349    
  0.984974444      0.156845659    
  0.955220103      0.324225456    
  0.915423572      0.281818986    
  0.862543762      0.212009341    
  0.795955181      0.110681877    
  0.718042731      -1.43246846E-02
  0.631430864     -0.151231378    
  0.538923562     -0.249022514    
  0.444008857     -0.270731658    
  0.350680768     -0.264983058    
  0.262756467     -0.250486612    
  0.183759600     -0.220279098    
  0.116896823     -0.161137253    
   6.47206903E-02  -7.30858296E-02
   2.67462730E-02   3.97986434E-02
   3.80563876E-03  0.588671625    
   7.82592513E-04  0.441830337    
