   8.03161820E-05  0.398299456    
   1.70614924E-02 -0.380091608    
   5.13243750E-02 -0.783733130    
  0.102591038     -0.824212790    
  0.169902727     -0.798383474    
  0.250158966     -0.772817135    
  0.339922190     -0.744054139    
  0.435482204     -0.711086333    
  0.532867789     -0.669967592    
  0.627896070     -0.558961272    
  0.716584384     -0.378288031    
  0.795710921     -0.193223089    
  0.862659335      -1.71766281E-02
  0.915360212      0.148818448    
  0.954862893      0.325407118    
  0.984508336      0.248431355    
  0.984557629      0.169073448    
  0.954805732      0.335591435    
  0.915002704      0.294098377    
  0.862146437      0.226951912    
  0.795621455      0.129472166    
  0.717805326       8.11064709E-03
  0.631298661     -0.127237529    
  0.538871169     -0.227251679    
  0.443992525     -0.253132999    
  0.350662887     -0.251021653    
  0.262707889     -0.238363460    
  0.183655471     -0.208525747    
  0.116717815     -0.147735983    
   6.44537359E-02  -5.24291471E-02
   2.63763946E-02   7.84009844E-02
   3.29277688E-03  0.627614141    
   8.03161820E-05  0.398299456    
