 -0.979526103      0.278572410    
 -0.932059646      0.364496112    
 -0.868737519      0.404516339    
 -0.784259677      0.422481269    
 -0.676577091      0.427739084    
 -0.548382640      0.424475372    
 -0.403584063      0.413546920    
 -0.246576652      0.393522114    
  -8.21177140E-02  0.361604184    
   8.21211711E-02  0.360743523    
  0.246579736      0.391972721    
  0.403586626      0.411480427    
  0.548384726      0.422198504    
  0.676578701      0.425620407    
  0.784260929      0.420640111    
  0.868738413      0.403061718    
  0.932060778      0.363427490    
  0.979526818      0.277767092    
