 -0.979526103      0.393040776    
 -0.932059824      0.518018961    
 -0.868737459      0.574876070    
 -0.784259856      0.597750127    
 -0.676577210      0.601072788    
 -0.548382759      0.591946781    
 -0.403584212      0.572329938    
 -0.246576831      0.541279376    
  -8.21179077E-02  0.495557874    
   8.21209922E-02  0.496072978    
  0.246579513      0.542613447    
  0.403586447      0.574292541    
  0.548384488      0.594207227    
  0.676578581      0.603315234    
  0.784260809      0.599570692    
  0.868738174      0.575945854    
  0.932060242      0.518453896    
  0.979526401      0.393144727    
