   7.82592513E-04   4.74071130E-03
   1.79545060E-02 -0.778794765    
   5.23789935E-02  -1.04966974    
  0.103773087     -0.979946136    
  0.171183258     -0.891080737    
  0.251506388     -0.832518280    
  0.341300994     -0.787024975    
  0.436851203     -0.745117068    
  0.534182429     -0.695304215    
  0.629104614     -0.573417664    
  0.717643082     -0.385638297    
  0.796605527     -0.198498279    
  0.863402665      -2.42191423E-02
  0.915980697      0.136992067    
  0.955389977      0.306381673    
  0.984965324      0.266723990    
  0.984974444      0.132642955    
  0.955220103      0.311514676    
  0.915423572      0.281891286    
  0.862543762      0.226179972    
  0.795955181      0.142790407    
  0.718042731       3.83901782E-02
  0.631430864      -7.65185207E-02
  0.538923562     -0.150723189    
  0.444008857     -0.152287781    
  0.350680768     -0.125256091    
  0.262756467      -8.57590064E-02
  0.183759600      -2.95844823E-02
  0.116896823       5.74718341E-02
   6.47206903E-02  0.179486305    
   2.67462730E-02  0.339191467    
   3.80563876E-03  0.640995741    
   7.82592513E-04   4.74071130E-03
