   1.96105847E-03 -0.193681017    
   1.86766293E-02  -1.04430699    
   5.27118891E-02  -1.28709579    
  0.103778668      -1.15688133    
  0.170915499      -1.01423061    
  0.251023382     -0.910699368    
  0.340676427     -0.829423428    
  0.436173975     -0.759410620    
  0.533550322     -0.688239574    
  0.628637731     -0.550486088    
  0.717444777     -0.351736665    
  0.796715140     -0.158853814    
  0.863801301       1.76125206E-02
  0.916615307      0.179612011    
  0.956207454      0.350231797    
  0.985915303      0.306812316    
  0.986010075      0.178783625    
  0.956294060      0.336555302    
  0.916502297      0.299920142    
  0.863722861      0.238792092    
  0.797330916      0.152554870    
  0.719695628       5.01539893E-02
  0.633392155      -5.90006858E-02
  0.541145086     -0.129473597    
  0.446385384     -0.130847842    
  0.353132963     -0.104140386    
  0.265211076      -6.44404367E-02
  0.186154291      -5.70545858E-03
  0.119178422       9.03651342E-02
   6.68478534E-02  0.228570312    
   2.86755767E-02  0.408662438    
   5.43267652E-03  0.643979192    
   1.96105847E-03 -0.193681017    
