   8.03161820E-05 -0.174852476    
   1.70614924E-02  -1.01429272    
   5.13243750E-02  -1.25751054    
  0.102591038      -1.13471663    
  0.169902727      -1.00229037    
  0.250158966     -0.910773695    
  0.339922190     -0.838819981    
  0.435482204     -0.774144590    
  0.532867789     -0.705204844    
  0.627896070     -0.568061173    
  0.716584384     -0.371005028    
  0.795710921     -0.181228504    
  0.862659335      -8.30303691E-03
  0.915360212      0.150528818    
  0.954862893      0.317874908    
  0.984508336      0.279729068    
  0.984557629      0.151669458    
  0.954805732      0.321990401    
  0.915002704      0.294256896    
  0.862146437      0.242181182    
  0.795621455      0.164321229    
  0.717805326       6.65463060E-02
  0.631298661      -4.21356559E-02
  0.538871169     -0.112974301    
  0.443992525     -0.114016652    
  0.350662887      -8.68263245E-02
  0.262707889      -4.62068170E-02
  0.183655471       1.24338269E-02
  0.116717815      0.104324825    
   6.44537359E-02  0.235154152    
   2.63763946E-02  0.407262325    
   3.29277688E-03  0.638711929    
   8.03161820E-05 -0.174852476    
