 -0.979526103      0.450432181    
 -0.932059646      0.595161557    
 -0.868737519      0.660862863    
 -0.784259677      0.686594367    
 -0.676577091      0.689091325    
 -0.548382640      0.677050650    
 -0.403584063      0.652912617    
 -0.246576652      0.615917981    
  -8.21177140E-02  0.562781394    
   8.21211711E-02  0.563181877    
  0.246579736      0.617013216    
  0.403586626      0.654574871    
  0.548384726      0.678879261    
  0.676578701      0.690888166    
  0.784260929      0.687889218    
  0.868738413      0.661579013    
  0.932060778      0.595373988    
  0.979526818      0.450409025    
