   8.03161820E-05  -2.64179134    
   1.70614924E-02  -3.33800435    
   5.13243750E-02  -2.94573212    
  0.102591038      -2.26620412    
  0.169902727      -1.79128122    
  0.250158966      -1.48789227    
  0.339922190      -1.26710033    
  0.435482204      -1.09196091    
  0.532867789     -0.933948338    
  0.627896070     -0.711421788    
  0.716584384     -0.444321275    
  0.795710921     -0.204809606    
  0.862659335       3.73722403E-03
  0.915360212      0.185305148    
  0.954862893      0.368186712    
  0.984508336      0.378214628    
  0.984557629      0.124762401    
  0.954805732      0.369491667    
  0.915002704      0.349663705    
  0.862146437      0.308466494    
  0.795621455      0.248502135    
  0.717805326      0.179860353    
  0.631298661      0.114599586    
  0.538871169       9.79700014E-02
  0.443992525      0.141978845    
  0.350662887      0.210487559    
  0.262707889      0.297125638    
  0.183655471      0.404616237    
  0.116717815      0.535272956    
   6.44537359E-02  0.656560540    
   2.63763946E-02  0.641491354    
   3.29277688E-03 -0.351700038    
   8.03161820E-05  -2.64179134    
