   7.82592513E-04  -1.80662382    
   1.79545060E-02  -2.54960608    
   5.23789935E-02  -2.35162354    
  0.103773087      -1.85776043    
  0.171183258      -1.50614822    
  0.251506388      -1.28401518    
  0.341300994      -1.12236810    
  0.436851203     -0.993708909    
  0.534182429     -0.872811675    
  0.629104614     -0.681309164    
  0.717643082     -0.436593950    
  0.796605527     -0.208994329    
  0.863402665      -5.42106526E-03
  0.915980697      0.174351454    
  0.955389977      0.356344372    
  0.984965324      0.367732584    
  0.984974444      0.106866792    
  0.955220103      0.359107852    
  0.915423572      0.338116378    
  0.862543762      0.293684065    
  0.795955181      0.228379607    
  0.718042731      0.152489305    
  0.631430864       7.86532387E-02
  0.538923562       5.47488742E-02
  0.444008857       9.35264528E-02
  0.350680768      0.156428620    
  0.262756467      0.236348063    
  0.183759600      0.337883711    
  0.116896823      0.468343645    
   6.47206903E-02  0.607947230    
   2.67462730E-02  0.680931926    
   3.80563876E-03   6.76113516E-02
   7.82592513E-04  -1.80662382    
