   1.96105847E-03  -2.91810894    
   1.86766293E-02  -3.57060766    
   5.27118891E-02  -3.10674930    
  0.103778668      -2.36476183    
  0.170915499      -1.84398353    
  0.251023382      -1.50600851    
  0.340676427      -1.26297927    
  0.436173975      -1.07581389    
  0.533550322     -0.912303090    
  0.628637731     -0.687139869    
  0.717444777     -0.417619765    
  0.796715140     -0.176010162    
  0.863801301       3.47207487E-02
  0.916615307      0.217966586    
  0.956207454      0.401671678    
  0.985915303      0.399294198    
  0.986010075      0.140340656    
  0.956294060      0.363658249    
  0.916502297      0.332329273    
  0.863722861      0.278783143    
  0.797330916      0.207588866    
  0.719695628      0.134595439    
  0.633392155       7.20423311E-02
  0.541145086       5.97077496E-02
  0.446385384      0.107335925    
  0.353132963      0.179941118    
  0.265211076      0.270231277    
  0.186154291      0.381894559    
  0.119178422      0.518076003    
   6.68478534E-02  0.638758659    
   2.86755767E-02  0.595375717    
   5.43267652E-03 -0.518072128    
   1.96105847E-03  -2.91810894    
