 -0.979526103      0.902743101    
 -0.932059646       1.20311153    
 -0.868737519       1.33801174    
 -0.784259677       1.38573432    
 -0.676577091       1.38218522    
 -0.548382640       1.34698629    
 -0.403584063       1.28769350    
 -0.246576652       1.20435762    
  -8.21177140E-02   1.09311998    
   8.21211711E-02   1.09265816    
  0.246579736       1.20380414    
  0.403586626       1.28717995    
  0.548384726       1.34640706    
  0.676578701       1.38157177    
  0.784260929       1.38489163    
  0.868738413       1.33691084    
  0.932060778       1.20181525    
  0.979526818      0.901561856    
