   7.82592513E-04  0.518098354    
   1.79545060E-02 -0.133762166    
   5.23789935E-02 -0.535610616    
  0.103773087     -0.622059703    
  0.171183258     -0.638191640    
  0.251506388     -0.645731091    
  0.341300994     -0.645648897    
  0.436851203     -0.638774753    
  0.534182429     -0.620724916    
  0.629104614     -0.531307340    
  0.717643082     -0.367660224    
  0.796605527     -0.192920342    
  0.863402665      -2.31222324E-02
  0.915980697      0.138695925    
  0.955389977      0.311525762    
  0.984965324      0.236456454    
  0.984974444      0.165135086    
  0.955220103      0.318584830    
  0.915423572      0.276878446    
  0.862543762      0.207421660    
  0.795955181      0.105773792    
  0.718042731      -2.12130435E-02
  0.631430864     -0.162565216    
  0.538923562     -0.267125905    
  0.444008857     -0.295063972    
  0.350680768     -0.295154601    
  0.262756467     -0.288183808    
  0.183759600     -0.269071728    
  0.116896823     -0.226264805    
   6.47206903E-02 -0.161279082    
   2.67462730E-02  -8.48911554E-02
   3.80563876E-03  0.497543842    
   7.82592513E-04  0.518098354    
