   1.96105847E-03  0.492277980    
   1.86766293E-02 -0.182899654    
   5.27118891E-02 -0.591175854    
  0.103778668     -0.667948842    
  0.170915499     -0.665425181    
  0.251023382     -0.650618672    
  0.340676427     -0.631840944    
  0.436173975     -0.610117555    
  0.533550322     -0.580335379    
  0.628637731     -0.484883130    
  0.717444777     -0.322155237    
  0.796715140     -0.152886361    
  0.863801301       1.06678111E-02
  0.916615307      0.167433649    
  0.956207454      0.335740983    
  0.985915303      0.250434488    
  0.986010075      0.197139084    
  0.956294060      0.340628803    
  0.916502297      0.296458453    
  0.863722861      0.226993084    
  0.797330916      0.128580615    
  0.719695628       8.12293589E-03
  0.633392155     -0.127157837    
  0.541145086     -0.232318118    
  0.446385384     -0.266310304    
  0.353132963     -0.274203002    
  0.265211076     -0.278227150    
  0.186154291     -0.273398340    
  0.119178422     -0.241526484    
   6.68478534E-02 -0.179907843    
   2.86755767E-02 -0.100338742    
   5.43267652E-03  0.489535451    
   1.96105847E-03  0.492277980    
