   8.03161820E-05  0.499970555    
   1.70614924E-02 -0.200659543    
   5.13243750E-02 -0.616953611    
  0.102591038     -0.693581164    
  0.169902727     -0.695079923    
  0.250158966     -0.688894391    
  0.339922190     -0.675742984    
  0.435482204     -0.655218601    
  0.532867789     -0.624240637    
  0.627896070     -0.523935318    
  0.716584384     -0.353751987    
  0.795710921     -0.177770644    
  0.862659335      -9.73445084E-03
  0.915360212      0.149821579    
  0.954862893      0.320734501    
  0.984508336      0.241766199    
  0.984557629      0.179525003    
  0.954805732      0.330422342    
  0.915002704      0.289845139    
  0.862146437      0.223175734    
  0.795621455      0.125504583    
  0.717805326       2.26211874E-03
  0.631298661     -0.137580290    
  0.538871169     -0.244714916    
  0.443992525     -0.277621716    
  0.350662887     -0.282761693    
  0.262707889     -0.279816896    
  0.183655471     -0.264001936    
  0.116717815     -0.223088160    
   6.44537359E-02 -0.155390352    
   2.63763946E-02  -6.70492053E-02
   3.29277688E-03  0.527837336    
   8.03161820E-05  0.499970555    
