 -0.979526103      0.220731914    
 -0.932059646      0.286814213    
 -0.868737519      0.317904800    
 -0.784259677      0.332964122    
 -0.676577091      0.338919818    
 -0.548382640      0.338552028    
 -0.403584063      0.332143903    
 -0.246576652      0.318191171    
  -8.21177140E-02  0.293857306    
   8.21211711E-02  0.293421566    
  0.246579736      0.317506284    
  0.403586626      0.331303835    
  0.548384726      0.337667882    
  0.676578701      0.338090807    
  0.784260929      0.332225353    
  0.868738413      0.317278951    
  0.932060778      0.286288977    
  0.979526818      0.220311254    
