   7.82592513E-04  -2.12234855    
   1.79545060E-02  -2.80068183    
   5.23789935E-02  -2.51001072    
  0.103773087      -1.95045304    
  0.171183258      -1.56183517    
  0.251506388      -1.31906581    
  0.341300994      -1.14461470    
  0.436851203      -1.00655031    
  0.534182429     -0.877286792    
  0.629104614     -0.678208351    
  0.717643082     -0.429350138    
  0.796605527     -0.201318771    
  0.863402665       3.53511423E-04
  0.915980697      0.177076578    
  0.955389977      0.355289817    
  0.984965324      0.374194413    
  0.984974444      0.103239872    
  0.955220103      0.357329845    
  0.915423572      0.340159386    
  0.862543762      0.300127983    
  0.795955181      0.240453809    
  0.718042731      0.170943007    
  0.631430864      0.103678070    
  0.538923562       8.59268531E-02
  0.444008857      0.128834814    
  0.350680768      0.194931254    
  0.262756467      0.277030051    
  0.183759600      0.377927184    
  0.116896823      0.502558649    
   6.47206903E-02  0.625782311    
   2.67462730E-02  0.651617706    
   3.80563876E-03 -0.126454547    
   7.82592513E-04  -2.12234855    
