   8.03161820E-05  -3.07319593    
   1.70614924E-02  -3.67180538    
   5.13243750E-02  -3.15356231    
  0.102591038      -2.38621211    
  0.169902727      -1.86202097    
  0.250158966      -1.53090477    
  0.339922190      -1.29293799    
  0.435482204      -1.10573149    
  0.532867789     -0.937676430    
  0.627896070     -0.706547976    
  0.716584384     -0.434857786    
  0.795710921     -0.194839269    
  0.862659335       1.15959905E-02
  0.915360212      0.189757437    
  0.954862893      0.368471593    
  0.984508336      0.387694001    
  0.984557629      0.122120850    
  0.954805732      0.366199434    
  0.915002704      0.350463510    
  0.862146437      0.313894540    
  0.795621455      0.259911329    
  0.717805326      0.198262125    
  0.631298661      0.140485615    
  0.538871169      0.130907625    
  0.443992525      0.179438055    
  0.350662887      0.250857979    
  0.262707889      0.338406295    
  0.183655471      0.442800552    
  0.116717815      0.562913895    
   6.44537359E-02  0.657553971    
   2.63763946E-02  0.569040537    
   3.29277688E-03 -0.643301249    
   8.03161820E-05  -3.07319593    
