   1.96105847E-03  -3.39099813    
   1.86766293E-02  -3.94977474    
   5.27118891E-02  -3.35338831    
  0.103778668      -2.51474309    
  0.170915499      -1.93948698    
  0.251023382      -1.57094657    
  0.340676427      -1.30812991    
  0.436173975      -1.10644889    
  0.533550322     -0.930890560    
  0.628637731     -0.694238842    
  0.717444777     -0.415665984    
  0.796715140     -0.168657392    
  0.863801301       4.41719070E-02
  0.916615307      0.227175325    
  0.956207454      0.409565598    
  0.985915303      0.418341070    
  0.986010075      0.141745254    
  0.956294060      0.363810241    
  0.916502297      0.334933698    
  0.863722861      0.284036100    
  0.797330916      0.216296867    
  0.719695628      0.147786260    
  0.633392155       9.10068005E-02
  0.541145086       8.53028595E-02
  0.446385384      0.137991637    
  0.353132963      0.214714885    
  0.265211076      0.308417410    
  0.186154291      0.420630038    
  0.119178422      0.549645483    
   6.68478534E-02  0.645558000    
   2.86755767E-02  0.526572227    
   5.43267652E-03 -0.821723223    
   1.96105847E-03  -3.39099813    
