 -0.979526103      0.957941413    
 -0.932059646       1.27734888    
 -0.868737519       1.42063963    
 -0.784259677       1.47085559    
 -0.676577091       1.46639860    
 -0.548382640       1.42844069    
 -0.403584063       1.36495721    
 -0.246576652       1.27613509    
  -8.21177140E-02   1.15802908    
   8.21211711E-02   1.15785992    
  0.246579736       1.27627051    
  0.403586626       1.36544025    
  0.548384726       1.42909765    
  0.676578701       1.46704829    
  0.784260929       1.47100389    
  0.868738413       1.42017710    
  0.932060778       1.27648675    
  0.979526818      0.957041502    
