  -5.69048687E-04  -1.99274123E-02
   8.21041316E-03 -0.724855542    
   2.80540250E-02  -1.18365812    
   6.01068884E-02  -1.27117682    
  0.104280502      -1.15391171    
  0.158888549      -1.05129421    
  0.222192600     -0.964096189    
  0.292398989     -0.889979184    
  0.367606759     -0.832711339    
  0.445827812     -0.783777237    
  0.524981976     -0.734347641    
  0.602874041     -0.640167475    
  0.677337468     -0.487571627    
  0.746534348     -0.321811229    
  0.808976471     -0.171320677    
  0.863353074      -3.52805257E-02
  0.908484340       9.08022448E-02
  0.943679869      0.205948576    
  0.970067263      0.369214326    
  0.989871562      0.324902028    
  0.989901423      0.185889274    
  0.970021129      0.297199607    
  0.943401515      0.279340327    
  0.907944977      0.280560642    
  0.862682462      0.243229270    
  0.808578610      0.184060663    
  0.746998310      0.106262803    
  0.679274976       1.84223372E-02
  0.606781363      -6.95070252E-02
  0.531013548     -0.117784716    
  0.453865051     -0.111352578    
  0.377480894      -9.07103121E-02
  0.303876847      -6.64036497E-02
  0.234944105      -3.14997546E-02
  0.172468618       2.34070849E-02
  0.118083201      0.102055781    
   7.32604414E-02  0.217611462    
   3.89111303E-02  0.365713954    
   1.45074744E-02  0.560831428    
   1.15443324E-03  0.597889066    
  -5.69048687E-04  -1.99274123E-02
