  -1.27373467E-04  0.160414129    
   8.79406277E-03 -0.502518117    
   2.87790615E-02 -0.972651720    
   6.09582514E-02  -1.10019267    
  0.105238445      -1.02548373    
  0.159933373     -0.952934563    
  0.223302841     -0.887294710    
  0.293551505     -0.830283403    
  0.368777215     -0.787626386    
  0.446989745     -0.751473963    
  0.526105940     -0.713043630    
  0.603925586     -0.628801286    
  0.678283036     -0.485070944    
  0.747353852     -0.325435966    
  0.809666634     -0.177850515    
  0.863923788      -4.22509983E-02
  0.908953667       8.47088993E-02
  0.944069088      0.201117113    
  0.970396519      0.367306918    
  0.990155578      0.319958806    
  0.990158379      0.171167329    
  0.970270216      0.290007114    
  0.943654895      0.271957308    
  0.908197105      0.272722751    
  0.862909734      0.233046025    
  0.808751822      0.170434490    
  0.747093737       8.82973969E-02
  0.679280341      -4.52009263E-03
  0.606699705      -9.77056548E-02
  0.530868053     -0.149899021    
  0.453687489     -0.145665333    
  0.377295852     -0.127312124    
  0.303703129     -0.106647655    
  0.234799713      -7.73616284E-02
  0.172369823      -2.90332511E-02
  0.118043974       4.32843827E-02
   7.32920840E-02  0.153245807    
   3.90204191E-02  0.296261400    
   1.47041995E-02  0.501488328    
   1.46306155E-03  0.657026172    
  -1.27373467E-04  0.160414129    
