   4.69196151E-04  -5.44553697E-02
   9.05932486E-03 -0.759517550    
   2.87132785E-02  -1.21167290    
   6.05930202E-02  -1.29091859    
  0.104613312      -1.16312599    
  0.159086898      -1.04869807    
  0.222279966     -0.951245308    
  0.292400956     -0.870952904    
  0.367551029     -0.810045063    
  0.445747226     -0.758401871    
  0.524913371     -0.707074761    
  0.602861464     -0.612568021    
  0.677425802     -0.460782737    
  0.746750295     -0.296434343    
  0.809327126     -0.147179604    
  0.863830686      -1.15383444E-02
  0.909069538      0.114960223    
  0.944349647      0.230554849    
  0.970801651      0.393901139    
  0.990653872      0.344547123    
  0.990715384      0.209086567    
  0.970855057      0.310848683    
  0.944242358      0.285160899    
  0.908803225      0.278942347    
  0.863593221      0.234524548    
  0.809581161      0.170482457    
  0.748127639       9.13769156E-02
  0.680549800       4.71372623E-03
  0.608200490      -8.16230699E-02
  0.532550156     -0.129778668    
  0.455479175     -0.123752467    
  0.379140705     -0.102401279    
  0.305556715      -7.66057298E-02
  0.236619726      -4.10361178E-02
  0.174115881       1.24136312E-02
  0.119681232       9.02477503E-02
   7.47917145E-02  0.207911864    
   4.03617620E-02  0.359243065    
   1.58608984E-02  0.554891109    
   2.36967206E-03  0.577978194    
   4.69196151E-04  -5.44553697E-02
