 -0.988020658      0.383210808    
 -0.960173190      0.533162534    
 -0.923027754      0.619709849    
 -0.873476744      0.670155346    
 -0.809610784      0.695428967    
 -0.731893897      0.703663588    
 -0.641666353      0.700760841    
 -0.540477812      0.689508855    
 -0.430061162      0.671058714    
 -0.312304109      0.644864619    
 -0.189218536      0.609572172    
  -6.29064515E-02  0.563580453    
   6.29080534E-02  0.563106060    
  0.189219981      0.608973920    
  0.312305391      0.644285500    
  0.430062234      0.670544386    
  0.540478766      0.689051330    
  0.641667187      0.700216949    
  0.731894493      0.703019142    
  0.809611320      0.694425702    
  0.873477042      0.668864608    
  0.923027933      0.618341863    
  0.960173368      0.531880438    
  0.988020778      0.382233143    
