   1.96105847E-03  0.639744282    
   1.86766293E-02  0.137875974    
   5.27118891E-02 -0.290278941    
  0.103778668     -0.437570155    
  0.170915499     -0.490598500    
  0.251023382     -0.515001595    
  0.340676427     -0.525812209    
  0.436173975     -0.527060926    
  0.533550322     -0.516516447    
  0.628637731     -0.440827280    
  0.717444777     -0.295431167    
  0.796715140     -0.138681784    
  0.863801301       1.57164130E-02
  0.916615307      0.166226000    
  0.956207454      0.329721987    
  0.985915303      0.233846307    
  0.986010075      0.215851843    
  0.956294060      0.340607345    
  0.916502297      0.295215636    
  0.863722861      0.223932058    
  0.797330916      0.121553041    
  0.719695628      -6.89427275E-03
  0.633392155     -0.155208811    
  0.541145086     -0.278092682    
  0.446385384     -0.329185724    
  0.353132963     -0.355532527    
  0.265211076     -0.383466065    
  0.186154291     -0.410897493    
  0.119178422     -0.424052924    
   6.68478534E-02 -0.427795768    
   2.86755767E-02 -0.460066170    
   5.43267652E-03  0.208014116    
   1.96105847E-03  0.639744282    
