   8.03161820E-05  0.647979677    
   1.70614924E-02  0.110719562    
   5.13243750E-02 -0.325136989    
  0.102591038     -0.468575120    
  0.169902727     -0.521690071    
  0.250158966     -0.551524341    
  0.339922190     -0.566075802    
  0.435482204     -0.567549407    
  0.532867789     -0.555323601    
  0.627896070     -0.474653125    
  0.716584384     -0.322088361    
  0.795710921     -0.159463763    
  0.862659335      -1.64955913E-03
  0.915360212      0.150674269    
  0.954862893      0.315807968    
  0.984508336      0.224243298    
  0.984557629      0.196127445    
  0.954805732      0.326137960    
  0.915002704      0.283676326    
  0.862146437      0.214413568    
  0.795621455      0.112300873    
  0.717805326      -1.85882635E-02
  0.631298661     -0.170422539    
  0.538871169     -0.294102430    
  0.443992525     -0.342969477    
  0.350662887     -0.365058661    
  0.262707889     -0.383988440    
  0.183655471     -0.397518039    
  0.116717815     -0.397442371    
   6.44537359E-02 -0.389043152    
   2.63763946E-02 -0.401628256    
   3.29277688E-03  0.270319223    
   8.03161820E-05  0.647979677    
