   7.82592513E-04  0.635301769    
   1.79545060E-02  0.120542675    
   5.23789935E-02 -0.296684921    
  0.103773087     -0.437423050    
  0.171183258     -0.495267212    
  0.251506388     -0.531886458    
  0.341300994     -0.554233611    
  0.436851203     -0.565176249    
  0.534182429     -0.562543988    
  0.629104614     -0.489697397    
  0.717643082     -0.341046900    
  0.796605527     -0.177830905    
  0.863402665      -1.69948973E-02
  0.915980697      0.138457030    
  0.955389977      0.306162268    
  0.984965324      0.217602044    
  0.984974444      0.180966437    
  0.955220103      0.314032972    
  0.915423572      0.270375073    
  0.862543762      0.198371679    
  0.795955181       9.25017074E-02
  0.718042731      -4.15127277E-02
  0.631430864     -0.193573907    
  0.538923562     -0.312693208    
  0.444008857     -0.354133695    
  0.350680768     -0.367991656    
  0.262756467     -0.378614902    
  0.183759600     -0.383161068    
  0.116896823     -0.373632640    
   6.47206903E-02 -0.357270002    
   2.67462730E-02 -0.364822328    
   3.80563876E-03  0.277798235    
   7.82592513E-04  0.635301769    
