 -0.979526103      0.105148993    
 -0.932059646      0.131635875    
 -0.868737519      0.145129859    
 -0.784259677      0.154601336    
 -0.676577091      0.162105426    
 -0.548382640      0.167629600    
 -0.403584063      0.170205221    
 -0.246576652      0.168085307    
  -8.21177140E-02  0.158520669    
   8.21211711E-02  0.158324376    
  0.246579736      0.167831823    
  0.403586626      0.169968486    
  0.548384726      0.167438254    
  0.676578701      0.161968365    
  0.784260929      0.154513851    
  0.868738413      0.145054519    
  0.932060778      0.131552458    
  0.979526818      0.105058908    
