 -0.992185235      0.186790526    
 -0.973995268      0.259907395    
 -0.949734926      0.306905895    
 -0.917374849      0.339484096    
 -0.875459790      0.361434728    
 -0.823947966      0.375140488    
 -0.763409078      0.382855237    
 -0.694510639      0.386316270    
 -0.618009508      0.386555880    
 -0.534745514      0.384037167    
 -0.445631027      0.378796965    
 -0.351641595      0.370551735    
 -0.253806263      0.358742297    
 -0.153195515      0.342557043    
  -5.09103872E-02  0.321390063    
   5.09158149E-02  0.321416050    
  0.153200567      0.342622429    
  0.253810823      0.358839482    
  0.351645708      0.370675176    
  0.445634604      0.378941387    
  0.534748793      0.384205192    
  0.618012369      0.386740267    
  0.694512963      0.386502922    
  0.763411045      0.383031577    
  0.823949277      0.375300854    
  0.875460744      0.361573756    
  0.917375565      0.339595199    
  0.949735105      0.306990415    
  0.973995984      0.259967893    
  0.992185712      0.186812028    
